1 -1.40733e+08
2 -1.40733e+08
3 -1.40733e+08
4 -1.40733e+08
5 -1.40733e+08
6 -1.40733e+08
7 -1.40733e+08
8 -1.40733e+08
9 -1.40733e+08
10 -1.40733e+08
11 -1.40733e+08
12 -1.40733e+08
13 -1.40733e+08
14 -1.40733e+08
15 -1.40733e+08
16 -1.40733e+08
17 -1.40733e+08
18 -1.40733e+08
19 -1.40733e+08
20 -1.40733e+08
21 -1.40733e+08
22 -1.40733e+08
23 -1.40733e+08
24 -1.40733e+08
25 -1.40733e+08
26 -1.40733e+08
27 -1.40733e+08
28 -1.40733e+08
29 -1.40733e+08
30 -1.40733e+08
31 -1.40733e+08
32 -1.40733e+08
33 -1.40733e+08
34 -1.40733e+08
35 -1.40733e+08
36 -1.40733e+08
37 -1.40733e+08
38 -1.40733e+08
39 -1.40733e+08
40 -1.40733e+08
41 -1.40733e+08
42 -1.40733e+08
43 -1.40733e+08
44 -1.40733e+08
45 -1.40733e+08
46 -1.40733e+08
47 -1.40733e+08
48 -1.40733e+08
49 -1.40733e+08
50 -1.40733e+08
51 -1.40733e+08
52 -1.40733e+08
53 -1.40733e+08
54 -1.40733e+08
55 -1.40733e+08
56 -1.40733e+08
57 -1.40733e+08
58 -1.40733e+08
59 -1.40733e+08
60 -1.40733e+08
61 -1.40733e+08
62 -1.40733e+08
63 -1.40733e+08
64 -1.40733e+08
65 -1.40733e+08
66 -1.40733e+08
67 -1.40733e+08
68 -1.40733e+08
69 -1.40733e+08
70 -1.40733e+08
71 -1.40733e+08
72 -1.40733e+08
73 -1.40733e+08
74 -1.40733e+08
75 -1.40733e+08
76 -1.40733e+08
77 -1.40733e+08
78 -1.40733e+08
79 -1.40733e+08
80 -1.40733e+08
81 -1.40733e+08
82 -1.40733e+08
83 -1.40733e+08
84 -1.40733e+08
85 -1.40733e+08
86 -1.40733e+08
87 -1.40733e+08
88 -1.40733e+08
89 -1.40733e+08
90 -1.40733e+08
91 -1.40733e+08
92 -1.40733e+08
93 -1.40733e+08
94 -1.40733e+08
95 -1.40733e+08
96 -1.40733e+08
97 -1.40733e+08
98 -1.40733e+08
99 -1.40733e+08
100 -1.40733e+08
101 -1.40733e+08
102 -1.40733e+08
103 -1.40733e+08
104 -1.40733e+08
105 -1.40733e+08
106 -1.40733e+08
107 -1.40733e+08
108 -1.40733e+08
109 -1.40733e+08
110 -1.40733e+08
111 -1.40733e+08
112 -1.40733e+08
113 -1.40733e+08
114 -1.40733e+08
115 -1.40733e+08
116 -1.40733e+08
117 -1.40733e+08
118 -1.40733e+08
119 -1.40733e+08
120 -1.40733e+08
121 -1.40733e+08
122 -1.40733e+08
123 -1.40733e+08
124 -1.40733e+08
125 -1.40733e+08
126 -1.40733e+08
127 -1.40733e+08
128 -1.40733e+08
129 -1.40733e+08
130 -1.40733e+08
131 -1.40733e+08
132 -1.40733e+08
133 -1.40733e+08
134 -1.40733e+08
135 -1.40733e+08
136 -1.40733e+08
137 -1.40733e+08
138 -1.40733e+08
139 -1.40733e+08
140 -1.40733e+08
141 -1.40733e+08
142 -1.40733e+08
143 -1.40733e+08
144 -1.40733e+08
145 -1.40733e+08
146 -1.40733e+08
147 -1.40733e+08
148 -1.40733e+08
149 -1.40733e+08
150 -1.40733e+08
151 -1.40733e+08
152 -1.40733e+08
153 -1.40733e+08
154 -1.40733e+08
155 -1.40733e+08
156 -1.40733e+08
157 -1.40733e+08
158 -1.40733e+08
159 -1.40733e+08
160 -1.40733e+08
161 -1.40733e+08
162 -1.40733e+08
163 -1.40733e+08
164 -1.40733e+08
165 -1.40733e+08
166 -1.40733e+08
167 -1.40733e+08
168 -1.40733e+08
169 -1.40733e+08
170 -1.40733e+08
171 -1.40733e+08
172 -1.40733e+08
173 -1.40733e+08
174 -1.40733e+08
175 -1.40733e+08
176 -1.40733e+08
177 -1.40733e+08
178 -1.40733e+08
179 -1.40733e+08
180 -1.40733e+08
181 -1.40733e+08
182 -1.40733e+08
183 -1.40733e+08
184 -1.40733e+08
185 -1.40733e+08
186 -1.40733e+08
187 -1.40733e+08
188 -1.40733e+08
189 -1.40733e+08
190 -1.40733e+08
191 -1.40733e+08
192 -1.40733e+08
193 -1.40733e+08
194 -1.40733e+08
195 -1.40733e+08
196 -1.40733e+08
197 -1.40733e+08
198 -1.40733e+08
199 -1.40733e+08
200 -1.40733e+08
201 -1.40733e+08
202 -1.40733e+08
203 -1.40733e+08
204 -1.40733e+08
205 -1.40733e+08
206 -1.40733e+08
207 -1.40733e+08
208 -1.40733e+08
209 -1.40733e+08
210 -1.40733e+08
211 -1.40733e+08
212 -1.40733e+08
213 -1.40733e+08
214 -1.40733e+08
215 -1.40733e+08
216 -1.40733e+08
217 -1.40733e+08
218 -1.40733e+08
219 -1.40733e+08
220 -1.40733e+08
221 -1.40733e+08
222 -1.40733e+08
223 -1.40733e+08
224 -1.40733e+08
225 -1.40733e+08
226 -1.40733e+08
227 -1.40733e+08
228 -1.40733e+08
229 -1.40733e+08
230 -1.40733e+08
231 -1.40733e+08
232 -1.40733e+08
233 -1.40733e+08
234 -1.40733e+08
235 -1.40733e+08
236 -1.40733e+08
237 -1.40733e+08
238 -1.40733e+08
239 -1.40733e+08
240 -1.40733e+08
241 -1.40733e+08
242 -1.40733e+08
243 -1.40733e+08
244 -1.40733e+08
245 -1.40733e+08
246 -1.40733e+08
247 -1.40733e+08
248 -1.40733e+08
249 -1.40733e+08
250 -1.40733e+08
251 -1.40733e+08
252 -1.40733e+08
253 -1.40733e+08
254 -1.40733e+08
255 -1.40733e+08
256 -1.40733e+08
257 -1.40733e+08
258 -1.40733e+08
259 -1.40733e+08
260 -1.40733e+08
261 -1.40733e+08
262 -1.40733e+08
263 -1.40733e+08
264 -1.40733e+08
265 -1.40733e+08
266 -1.40733e+08
267 -1.40733e+08
268 -1.40733e+08
269 -1.40733e+08
270 -1.40733e+08
271 -1.40733e+08
272 -1.40733e+08
273 -1.40733e+08
274 -1.40733e+08
275 -1.40733e+08
276 -1.40733e+08
277 -1.40733e+08
278 -1.40733e+08
279 -1.40733e+08
280 -1.40733e+08
281 -1.40733e+08
282 -1.40733e+08
283 -1.40733e+08
284 -1.40733e+08
285 -1.40733e+08
286 -1.40733e+08
287 -1.40733e+08
288 -1.40733e+08
289 -1.40733e+08
290 -1.40733e+08
291 -1.40733e+08
292 -1.40733e+08
293 -1.40733e+08
294 -1.40733e+08
295 -1.40733e+08
296 -1.40733e+08
297 -1.40733e+08
298 -1.40733e+08
299 -1.40733e+08
300 -1.40733e+08
301 -1.40733e+08
302 -1.40733e+08
303 -1.40733e+08
304 -1.40733e+08
305 -1.40733e+08
306 -1.40733e+08
307 -1.40733e+08
308 -1.40733e+08
309 -1.40733e+08
310 -1.40733e+08
311 -1.40733e+08
312 -1.40733e+08
313 -1.40733e+08
314 -1.40733e+08
315 -1.40733e+08
316 -1.40733e+08
317 -1.40733e+08
318 -1.40733e+08
319 -1.40733e+08
320 -1.40733e+08
321 -1.40733e+08
322 -1.40733e+08
323 -1.40733e+08
324 -1.40733e+08
325 -1.40733e+08
326 -1.40733e+08
327 -1.40733e+08
328 -1.40733e+08
329 -1.40733e+08
330 -1.40733e+08
331 -1.40733e+08
332 -1.40733e+08
333 -1.40733e+08
334 -1.40733e+08
335 -1.40733e+08
336 -1.40733e+08
337 -1.40733e+08
338 -1.40733e+08
339 -1.40733e+08
340 -1.40733e+08
341 -1.40733e+08
342 -1.40733e+08
343 -1.40733e+08
344 -1.40733e+08
345 -1.40733e+08
346 -1.40733e+08
347 -1.40733e+08
348 -1.40733e+08
349 -1.40733e+08
350 -1.40733e+08
351 -1.40733e+08
352 -1.40733e+08
353 -1.40733e+08
354 -1.40733e+08
355 -1.40733e+08
356 -1.40733e+08
357 -1.40733e+08
358 -1.40733e+08
359 -1.40733e+08
360 -1.40733e+08
361 -1.40733e+08
362 -1.40733e+08
363 -1.40733e+08
364 -1.40733e+08
365 -1.40733e+08
366 -1.40733e+08
367 -1.40733e+08
368 -1.40733e+08
369 -1.40733e+08
370 -1.40733e+08
371 -1.40733e+08
372 -1.40733e+08
373 -1.40733e+08
374 -1.40733e+08
375 -1.40733e+08
376 -1.40733e+08
377 -1.40733e+08
378 -1.40733e+08
379 -1.40733e+08
380 -1.40733e+08
381 -1.40733e+08
382 -1.40733e+08
383 -1.40733e+08
384 -1.40733e+08
385 -1.40733e+08
386 -1.40733e+08
387 -1.40733e+08
388 -1.40733e+08
389 -1.40733e+08
390 -1.40733e+08
391 -1.40733e+08
392 -1.40733e+08
393 -1.40733e+08
394 -1.40733e+08
395 -1.40733e+08
396 -1.40733e+08
397 -1.40733e+08
398 -1.40733e+08
399 -1.40733e+08
400 -1.40733e+08
401 -1.40733e+08
402 -1.40733e+08
403 -1.40733e+08
404 -1.40733e+08
405 -1.40733e+08
406 -1.40733e+08
407 -1.40733e+08
408 -1.40733e+08
409 -1.40733e+08
410 -1.40733e+08
411 -1.40733e+08
412 -1.40733e+08
413 -1.40733e+08
414 -1.40733e+08
415 -1.40733e+08
416 -1.40733e+08
417 -1.40733e+08
418 -1.40733e+08
419 -1.40733e+08
420 -1.40733e+08
421 -1.40733e+08
422 -1.40733e+08
423 -1.40733e+08
424 -1.40733e+08
425 -1.40733e+08
426 -1.40733e+08
427 -1.40733e+08
428 -1.40733e+08
429 -1.40733e+08
430 -1.40733e+08
431 -1.40733e+08
432 -1.40733e+08
433 -1.40733e+08
434 -1.40733e+08
435 -1.40733e+08
436 -1.40733e+08
437 -1.40733e+08
438 -1.40733e+08
439 -1.40733e+08
440 -1.40733e+08
441 -1.40733e+08
442 -1.40733e+08
443 -1.40733e+08
444 -1.40733e+08
445 -1.40733e+08
446 -1.40733e+08
447 -1.40733e+08
448 -1.40733e+08
449 -1.40733e+08
450 -1.40733e+08
451 -1.40733e+08
452 -1.40733e+08
453 -1.40733e+08
454 -1.40733e+08
455 -1.40733e+08
456 -1.40733e+08
457 -1.40733e+08
458 -1.40733e+08
459 -1.40733e+08
460 -1.40733e+08
461 -1.40733e+08
462 -1.40733e+08
463 -1.40733e+08
464 -1.40733e+08
465 -1.40733e+08
466 -1.40733e+08
467 -1.40733e+08
468 -1.40733e+08
469 -1.40733e+08
470 -1.40733e+08
471 -1.40733e+08
472 -1.40733e+08
473 -1.40733e+08
474 -1.40733e+08
475 -1.40733e+08
476 -1.40733e+08
477 -1.40733e+08
478 -1.40733e+08
479 -1.40733e+08
480 -1.40733e+08
481 -1.40733e+08
482 -1.40733e+08
483 -1.40733e+08
484 -1.40733e+08
485 -1.40733e+08
486 -1.40733e+08
487 -1.40733e+08
488 -1.40733e+08
489 -1.40733e+08
490 -1.40733e+08
491 -1.40733e+08
492 -1.40733e+08
493 -1.40733e+08
494 -1.40733e+08
495 -1.40733e+08
496 -1.40733e+08
497 -1.40733e+08
498 -1.40733e+08
499 -1.40733e+08
