2 1.7
3 3.8
4 6.3
5 9.3
6 13.6
7 15.3
8 20.5
9 25.8
10 31
11 39.5
12 42.9
13 49.5
14 60.5
15 66.7
16 76
17 89.5
18 89.1
19 106.5
20 111.2
21 124.4
22 142.6
23 150.6
24 162.7
25 158.3
26 181.2
27 184
28 208.4
29 210.9
30 240.2
31 261.3
32 288.4
33 273.3
34 314
35 334.3
36 347
37 350.4
38 385.1
39 424.8
40 435.1
41 475.1
42 465
43 509.1
44 542.6
45 539.9
46 564.4
47 611
48 617.5
49 686.7
50 662.3
51 667.4
52 716
53 720.8
54 797.8
55 799
56 851.3
57 852.8
58 914.3
59 891.3
60 973.7
61 946.6
62 971.9
63 1082.2
64 1058.1
65 1139.5
66 1168.1
67 1128.1
68 1177.4
69 1183.7
70 1213.2
71 1234.9
72 1391.9
73 1310.3
74 1474.2
75 1488.6
76 1505.3
77 1514
78 1610.5
79 1595.8
80 1633.7
81 1687.5
82 1695.1
83 1762.6
84 1856.7
85 1891.3
86 1861.1
87 1961.8
88 2044
89 1975.7
90 2064.1
91 2222.5
92 2205.8
93 2226.5
94 2299.1
95 2308.7
96 2393.2
97 2401.3
98 2378.9
99 2592.1
100 2581.3
101 2654.6
102 2702.5
103 2801.2
104 2746.2
105 2871.4
106 2889
107 2937
108 2974.8
109 3126.6
110 3146.8
111 3032.7
112 3215.2
113 3270.3
114 3399.8
115 3476.8
116 3386.7
117 3450.6
118 3570.6
119 3622.8
120 3752.1
121 3769.2
122 3811.6
123 3902
124 4054.9
125 4068.2
126 4079.5
127 4072.7
128 4182.7
129 4198.9
130 4315.4
131 4484.3
132 4484.1
133 4496.4
134 4731.1
135 4647.6
136 4465.1
137 4678.8
138 4828.5
139 4838.3
140 4977.3
141 5020.2
142 5231
143 5160.7
144 5438.7
145 5210.4
146 5395.1
147 5548.5
148 5425.1
149 5806.5
150 5661.6
151 5896.9
152 6092.2
153 5970.9
154 6159.1
155 5939.8
156 6224
157 6382.5
158 6285.1
159 6330.7
160 6668.9
161 6445.8
162 6568.3
163 6883.7
164 6974.2
165 6826.1
166 7114.5
167 7084.8
168 7147.2
169 7108.8
170 7312.4
171 7376.4
172 7590.3
173 7645.8
174 7711.8
175 7542.2
176 8083
177 7906.3
178 8069.1
179 8032.8
180 8193.8
181 8240.7
182 8448.2
183 8508.5
184 8448.6
185 8432.3
186 9082.7
187 8846.5
188 9037.8
189 8852
190 9090.3
191 9440.1
192 9352.1
193 9464.2
194 9656.3
195 9721.3
196 9630.4
197 9853.6
198 9771
199 10054.2
200 10202.9
201 10217.9
202 10474.3
203 10373
204 10694.1
205 10683.9
206 10568
207 11076.4
208 11152.3
209 10833.1
210 11429.6
211 11192.1
212 11557.8
213 11668.3
214 11557.2
215 11643
216 11870.1
217 12276.8
218 12162.4
219 12018.5
220 12199.7
221 12472.5
222 12228
223 12482.7
224 12832
225 12938.3
226 12883
227 12823.5
228 13194.9
229 13389.7
230 13416
231 13569.2
232 13909
233 13539.4
234 13702.1
235 13818.7
236 13992.6
237 14319
238 14251.3
239 14151.7
240 14712.3
241 14817.7
242 14773.2
243 15157.6
244 14992
245 15530.7
246 15723.4
247 15232.2
248 15470
249 15906.2
250 15779.5
251 16001.2
252 15685.4
253 15619.4
254 16004.7
255 16380
256 16241.8
257 16657.6
258 16463.1
259 17106
260 17197.4
261 17317.8
262 17541.4
263 17731.4
264 17399.8
265 17979.7
266 18450.5
267 17850.3
268 17947.3
269 18046.2
270 18408.4
271 18414.1
272 18852.7
273 18840.7
274 19207.3
275 19216.6
276 19220.7
277 18995.9
278 19202.7
279 19491
280 19908.6
281 19863
282 20408.8
283 20358.9
284 20048
285 20632.6
286 21028.7
287 20922.3
288 21378
289 21163.8
290 21558.6
291 21946.1
292 22221.5
293 21737.8
294 21880.3
295 21829
296 22078.6
297 22005.7
298 22415.3
299 22775.8
300 22472.2
301 22987.7
302 23438.7
303 23483.4
304 23449.9
305 23432.5
306 23743.7
307 23765.2
308 24404.8
309 24230.8
310 24782.1
311 24368.7
312 24203.1
313 24885
314 24623.4
315 25474.5
316 24917.2
317 25410.5
318 25529.9
319 25901.5
320 26276.8
321 25596.3
322 25737.4
323 25903.7
324 26613.8
325 26401.3
326 26372.4
327 26557.8
328 27112.7
329 27473.8
330 27212.6
331 28185.4
332 28034.7
333 27959.1
334 28319.4
335 27962.9
336 28075
337 28366
338 29350.6
339 29049.6
340 29145.5
341 29298
342 29393.1
343 29153.3
344 29742.8
345 29786.3
346 30318.4
347 29810.5
348 30628.9
349 30457.8
350 31001.8
351 31266
352 30894.3
353 31546.3
354 32087.6
355 32094.7
356 32370.7
357 32186.9
358 31899.9
359 32372.5
360 32496.4
361 32777
362 32759.4
363 33758.7
364 33869.4
365 34092.9
366 33766.5
367 34072.3
368 34209.8
369 34744.6
370 34173.7
371 34394
372 34741.6
373 35763.9
374 34999
375 35240.3
376 35431.5
377 35966
378 36575.4
379 36136.3
380 36623
381 36358.3
382 35437.4
383 36427.9
384 37369.1
385 36818
386 36783.9
387 38076.4
388 37505.8
389 36831
390 38846.9
391 38845.4
392 38363.9
393 38494.4
394 39475.3
395 39744.9
396 39769.6
397 39614.9
398 39687.6
399 39351.4
400 39634.1
401 40644
402 40118.6
403 40428.6
404 40767.7
405 41019.8
406 41059.7
407 41609.2
408 42718
409 41372.3
410 42014.7
411 42587.4
412 43062.2
413 42788.3
414 42815.9
415 43782.2
416 42713.9
417 43851.4
418 44738.1
419 44221.4
420 44285.3
421 44047.5
422 44987.5
423 44442.7
424 45040.4
425 45641.3
426 45361.4
427 45995.8
428 45874.8
429 46162
430 46690.9
431 46001.4
432 46997
433 47066.4
434 47010.4
435 48765
436 48415.4
437 47757.7
438 48562.6
439 49559.9
440 48693.1
441 49516.9
442 49304
443 50423.6
444 48820.2
445 49916.4
446 49631.6
447 50770.9
448 50386.2
449 51303.4
450 51032.9
451 50098.7
452 51009.9
453 51128.4
454 52024.3
455 52575.3
456 51975.4
457 53152
458 53558.3
459 53442.9
460 54297.6
461 53881.8
462 53883.6
463 53962.4
464 54296.2
465 53682.3
466 54779.9
467 54468.8
468 54877.9
469 56006.1
470 54182.4
471 55075.6
472 56181.1
473 56676.9
474 57192.4
475 56438.5
476 56889.2
477 57378.9
478 56300.5
479 57134.5
480 57526.4
481 58019.8
482 58222.7
483 59183
484 57652.6
485 58350.6
486 58609.9
487 59200.7
488 61039.8
489 60644.5
490 59500
491 60580.2
492 60565.6
493 61752.3
494 60994.8
495 61622
496 60976.8
497 62219.1
498 62909.3
499 63026.8
500 60955.8
501 63941.3
502 63025.1
503 62949.1
504 64542.8
505 63775.1
506 64922.7
507 64935.8
508 65793
509 64849.6
510 65626.2
511 65686
512 65379.1
513 66808.6
514 66884.1
515 66598
516 66452.6
517 66895.7
518 68383.4
519 69308.2
520 68136.9
521 67641.4
522 68767.1
523 68483
524 68619.8
525 68525.1
526 68333.7
527 70006.1
528 70118.9
529 70495.6
530 70974.5
531 70254.2
532 70747.6
533 73488.3
534 71404.4
535 72318
536 71080.2
537 72739.1
538 71507
539 73354.3
540 72882.3
541 74504.3
542 74821.6
543 74156.1
544 73928.8
545 74559.2
546 74260.9
547 75608.9
548 75424.7
549 75994.7
550 75922.1
551 75925.3
552 77721.4
553 77066.8
554 77543
555 77225.6
556 76767.8
557 77162.9
558 78067.6
559 78001
560 78831.4
561 78874
562 79075
563 80066.2
564 78411.8
565 79641.2
566 82242.8
567 80342.2
568 81308.1
569 81327.2
570 81791.3
571 82170.2
572 81197.4
573 81749.4
574 81829.7
575 83792.6
576 83664.4
577 83366.5
578 85345.1
579 83933.2
580 84565.7
581 86650.4
582 84152.8
583 85391.7
584 86561.3
585 86421.9
586 86332
587 86197.1
588 86567.8
589 87368
590 88449.3
591 89755.8
592 87927.7
593 86739.7
594 88833.5
595 90081.6
596 89052.8
597 88528.2
598 91504.2
599 89616.8
600 90285.8
601 91262.7
602 91346.8
603 92326.3
604 92277.7
605 91029
606 92045
607 93853.1
608 93375.5
609 93028
610 93410.7
611 92720.6
612 95676.7
613 94136.4
614 95255.9
615 94555.4
616 94774
617 94975.6
618 96614.7
619 97017.5
620 95968.1
621 98202.1
622 96636.9
623 98355.7
624 98017.1
625 98341.2
626 97778.6
627 98594.3
628 99543.5
629 99461.3
630 99514.9
631 100192
632 99721
633 100344
634 100432
635 101385
636 100139
637 102539
638 101140
639 101123
640 103476
641 101871
642 104171
643 104171
644 104131
645 104175
646 104631
647 104383
648 103823
649 106009
650 106434
651 106798
652 106239
653 106614
654 108602
655 109153
656 107672
657 108194
658 107631
659 108291
660 109639
661 109853
662 109477
663 110863
664 111592
665 110036
666 111684
667 110605
668 111383
669 114207
670 113464
671 113703
672 114807
673 112934
674 113799
675 114022
676 114445
677 115097
678 115887
679 114410
680 115373
681 117483
682 116187
683 114363
684 117293
685 119498
686 117804
687 117703
688 117574
689 119706
690 119975
691 120706
692 120593
693 121033
694 120948
695 121752
696 120517
697 122826
698 122335
699 122101
700 120290
701 122917
702 122151
703 122016
704 124554
705 124865
706 125692
707 126764
708 125129
709 127401
710 126158
711 128022
712 127724
713 128595
714 127267
715 129744
716 128343
717 129704
718 129700
719 129470
720 130454
721 129626
722 131548
723 131223
724 132648
725 131760
726 131821
727 132656
728 132962
729 132246
730 132098
731 132790
732 135045
733 135891
734 134038
735 135852
736 135253
737 136649
738 137228
739 138334
740 137359
741 135804
742 137548
743 140287
744 136307
745 140130
746 141055
747 140086
748 140973
749 139827
750 140842
751 142033
752 143129
753 142169
754 142840
755 144721
756 145099
757 143034
758 143166
759 144568
760 144190
761 144700
762 147132
763 145090
764 145231
765 145388
766 148792
767 146022
768 145990
769 147370
770 146875
771 150271
772 149181
773 151167
774 149697
775 149782
776 151348
777 151431
778 153696
779 150868
780 152224
781 155136
782 152883
783 153215
784 156002
785 154780
786 155398
787 155280
788 155849
789 153848
790 157058
791 157245
792 156444
793 157355
794 157386
795 158283
796 158379
797 159535
798 157714
799 160452
800 161311
801 160690
802 159725
803 162065
804 162556
805 161219
806 161479
807 162461
808 162350
809 164175
810 165853
811 166454
812 166860
813 167096
814 166596
815 165993
816 166339
817 169367
818 167777
819 167772
820 171266
821 167406
822 168272
823 168159
824 167844
825 171168
826 171394
827 171744
828 171413
829 172394
830 173327
831 171271
832 175278
833 174347
834 176230
835 176416
836 174437
837 176738
838 176508
839 173330
840 177787
841 177869
842 176002
843 177432
844 175904
845 178447
846 178588
847 180153
848 181288
849 180097
850 181994
851 181010
852 182618
853 184161
854 181835
855 186395
856 183466
857 182894
858 184845
859 184582
860 186774
861 188253
862 184068
863 185667
864 187990
865 188213
866 189858
867 188495
868 188486
869 189709
870 189192
871 189864
872 190312
873 190523
874 190998
875 191733
876 191363
877 192910
878 192606
879 194796
880 192539
881 193939
882 196658
883 195133
884 195846
885 194072
886 197316
887 195174
888 197074
889 198858
890 202276
891 198713
892 200300
893 198909
894 200289
895 200514
896 200399
897 202890
898 203263
899 204409
900 204414
901 202311
902 203611
903 205993
904 206054
905 205404
906 205792
907 206497
908 208872
909 205206
910 208480
911 207379
912 209774
913 209070
914 208937
915 210218
916 214174
917 212612
918 211303
919 211260
920 210892
921 213651
922 210761
923 212931
924 213096
925 212899
926 213861
927 213219
928 217429
929 215649
930 216925
931 215874
932 218948
933 218405
934 219066
935 218157
936 218208
937 221772
938 220472
939 221292
940 221926
941 223494
942 218500
943 223126
944 226368
945 222118
946 227261
947 227288
948 223407
949 223362
950 226732
951 223905
952 225152
953 227346
954 226712
955 228395
956 228377
957 231528
958 228085
959 227578
960 230888
961 229853
962 231092
963 230122
964 232926
965 233350
966 234648
967 235451
968 231093
969 236690
970 235254
971 234979
972 236555
973 239077
974 237119
975 236350
976 238136
977 241128
978 239420
979 239968
980 240793
981 242851
982 239301
983 242151
984 246304
985 242340
986 242690
987 248591
988 242279
989 244695
990 247680
991 245237
992 244421
993 245151
994 248806
995 244380
996 249302
997 250958
998 251577
999 250787
