2 1.82e-07
3 1.99e-07
4 2.36e-07
5 2.11e-07
6 2.69e-07
7 2.88e-07
8 3.22e-07
9 3.46e-07
10 3.91e-07
11 4.25e-07
12 4.42e-07
13 5.08e-07
14 5.35e-07
15 5.64e-07
16 5.68e-07
17 6.14e-07
18 6.51e-07
19 7.29e-07
20 7.54e-07
21 8.06e-07
22 8.62e-07
23 9.45e-07
24 9.13e-07
25 9.69e-07
26 1.01e-06
27 1.076e-06
28 1.147e-06
29 1.2e-06
30 1.21e-06
31 1.332e-06
32 1.351e-06
33 1.439e-06
34 1.391e-06
35 1.544e-06
36 1.641e-06
37 1.88e-06
38 1.638e-06
39 1.749e-06
40 1.859e-06
41 1.887e-06
42 1.877e-06
43 2.02e-06
44 2.254e-06
45 2.125e-06
46 2.335e-06
47 2.318e-06
48 2.402e-06
49 2.853e-06
50 2.533e-06
51 2.701e-06
52 2.746e-06
53 2.919e-06
54 2.89e-06
55 3.386e-06
56 3.557e-06
57 3.267e-06
58 3.531e-06
59 3.986e-06
60 3.572e-06
61 3.541e-06
62 3.94e-06
63 4.564e-06
64 4.538e-06
65 4.612e-06
66 5.196e-06
67 4.823e-06
68 4.727e-06
69 5.086e-06
70 5.074e-06
71 5.694e-06
72 5.97e-06
73 5.532e-06
74 5.894e-06
75 5.762e-06
76 5.888e-06
77 5.911e-06
78 6.316e-06
79 6.377e-06
80 6.68e-06
81 6.588e-06
82 6.361e-06
83 6.561e-06
84 6.698e-06
85 6.78e-06
86 6.953e-06
87 7.541e-06
88 7.118e-06
89 7.346e-06
90 7.654e-06
91 7.654e-06
92 7.587e-06
93 7.923e-06
94 7.811e-06
95 8.829e-06
96 8.252e-06
97 8.507e-06
98 9.038e-06
99 9.333e-06
100 9.489e-06
101 9.868e-06
102 9.228e-06
103 9.616e-06
104 1.0758e-05
105 9.988e-06
106 9.66e-06
107 1.0546e-05
108 1.0127e-05
109 1.0019e-05
110 1.0515e-05
111 1.1308e-05
112 1.2371e-05
113 1.103e-05
114 1.136e-05
115 1.158e-05
116 1.271e-05
117 1.1728e-05
118 1.238e-05
119 1.2921e-05
120 1.3134e-05
121 1.3747e-05
122 1.3783e-05
123 1.3837e-05
124 1.4025e-05
125 1.4245e-05
126 1.3491e-05
127 1.4389e-05
128 1.4287e-05
129 1.4809e-05
130 1.4562e-05
131 1.4771e-05
132 1.5003e-05
133 1.5135e-05
134 1.5459e-05
135 1.5083e-05
136 1.5906e-05
137 1.6573e-05
138 1.5973e-05
139 1.6358e-05
140 1.633e-05
141 1.6949e-05
142 1.733e-05
143 1.7384e-05
144 1.7902e-05
145 1.9641e-05
146 2.1648e-05
147 1.9232e-05
148 1.7643e-05
149 2.1294e-05
150 1.949e-05
151 1.8793e-05
152 1.9798e-05
153 1.9891e-05
154 1.9947e-05
155 2.0225e-05
156 2.0448e-05
157 2.1006e-05
158 2.3325e-05
159 2.2962e-05
160 2.241e-05
161 2.2119e-05
162 2.201e-05
163 2.2029e-05
164 2.199e-05
165 2.4221e-05
166 2.3286e-05
167 2.5722e-05
168 2.4516e-05
169 2.546e-05
170 2.3083e-05
171 3.4514e-05
172 3.0332e-05
173 2.5593e-05
174 2.5306e-05
175 2.5454e-05
176 2.7617e-05
177 2.8042e-05
178 2.608e-05
179 2.6054e-05
180 2.784e-05
181 2.8734e-05
182 2.7402e-05
183 2.7716e-05
184 2.7485e-05
185 2.7697e-05
186 2.8713e-05
187 2.8619e-05
188 2.9218e-05
189 2.9262e-05
190 2.937e-05
191 2.962e-05
192 2.9924e-05
193 3.1279e-05
194 3.0378e-05
195 3.1232e-05
196 3.7829e-05
197 3.6682e-05
198 3.92e-05
199 3.1508e-05
200 3.235e-05
201 3.2647e-05
202 3.5055e-05
203 3.4736e-05
204 3.3802e-05
205 3.3432e-05
206 3.5048e-05
207 3.5739e-05
208 3.571e-05
209 3.6129e-05
210 3.6955e-05
211 3.7173e-05
212 3.6978e-05
213 3.6423e-05
214 3.8442e-05
215 3.791e-05
216 4.0849e-05
217 4.3698e-05
218 4.4016e-05
219 4.1672e-05
220 3.9409e-05
221 4.0404e-05
222 4.7807e-05
223 4.1467e-05
224 4.0403e-05
225 4.1415e-05
226 4.1144e-05
227 4.2508e-05
228 4.3576e-05
229 4.2729e-05
230 4.2983e-05
231 4.2995e-05
232 4.4049e-05
233 4.4129e-05
234 4.4007e-05
235 4.4393e-05
236 4.6621e-05
237 4.4255e-05
238 4.6917e-05
239 4.9397e-05
240 4.84e-05
241 5.1801e-05
242 4.8424e-05
243 4.9965e-05
244 5.8376e-05
245 4.9573e-05
246 4.9955e-05
247 4.932e-05
248 5.186e-05
249 5.3984e-05
250 5.0809e-05
251 5.331e-05
252 5.0416e-05
253 5.6465e-05
254 5.1157e-05
255 5.2797e-05
256 5.4964e-05
257 5.6929e-05
258 5.3904e-05
259 5.4337e-05
260 5.9022e-05
261 5.7413e-05
262 5.7111e-05
263 5.4399e-05
264 5.7137e-05
265 5.7987e-05
266 5.7951e-05
267 5.8642e-05
268 5.979e-05
269 6.4545e-05
270 5.7185e-05
271 5.735e-05
272 5.9081e-05
273 5.9191e-05
274 6.2878e-05
275 6.4026e-05
276 6.8277e-05
277 6.5658e-05
278 6.4075e-05
279 6.6592e-05
280 6.5081e-05
281 6.2478e-05
282 7.7106e-05
283 6.7468e-05
284 6.4472e-05
285 6.3289e-05
286 6.5672e-05
287 6.4722e-05
288 6.7514e-05
289 7.1352e-05
290 6.9454e-05
291 6.9618e-05
292 6.8371e-05
293 6.9187e-05
294 6.8625e-05
295 6.9385e-05
296 7.4154e-05
297 6.9608e-05
298 6.983e-05
299 7.2557e-05
300 7.2137e-05
301 7.2218e-05
302 7.6211e-05
303 8.1534e-05
304 8.0751e-05
305 8.2207e-05
306 9.2447e-05
307 7.2154e-05
308 8.8203e-05
309 7.9934e-05
310 7.4854e-05
311 7.646e-05
312 7.5538e-05
313 7.9651e-05
314 8.1464e-05
315 7.8086e-05
316 7.8187e-05
317 8.4676e-05
318 9.3696e-05
319 8.3788e-05
320 8.3673e-05
321 7.9838e-05
322 8.144e-05
323 8.2278e-05
324 8.7556e-05
325 8.4366e-05
326 8.9199e-05
327 8.7883e-05
328 9.6874e-05
329 9.4117e-05
330 9.5527e-05
331 8.915e-05
332 9.0567e-05
333 8.8952e-05
334 8.9632e-05
335 9.2913e-05
336 9.549e-05
337 8.9663e-05
338 9.4036e-05
339 9.2252e-05
340 9.1794e-05
341 9.6015e-05
342 9.2959e-05
343 0.00010354
344 9.5904e-05
345 9.4546e-05
346 9.664e-05
347 9.7068e-05
348 9.8939e-05
349 9.4261e-05
350 9.7322e-05
351 9.5921e-05
352 9.7912e-05
353 0.000101601
354 9.693e-05
355 9.7863e-05
356 0.000100043
357 9.844e-05
358 0.000105223
359 0.000102057
360 0.000100833
361 0.000102239
362 0.000102868
363 0.00010511
364 0.000103385
365 0.000111748
366 0.000104721
367 0.000113579
368 0.000105115
369 0.000106276
370 0.00011157
371 0.000113855
372 0.000118634
373 0.000105945
374 0.000112744
375 0.000116133
376 0.000115969
377 0.000112577
378 0.000112855
379 0.000114576
380 0.000122913
381 0.000125729
382 0.000119485
383 0.000118246
384 0.000124255
385 0.000122025
386 0.00011808
387 0.000116963
388 0.000117403
389 0.000123079
390 0.000119467
391 0.000119974
392 0.000122341
393 0.000120918
394 0.000124341
395 0.000121129
396 0.000125091
397 0.000122137
398 0.000128198
399 0.000126745
400 0.00012885
401 0.000128201
402 0.000128163
403 0.000126952
404 0.000127365
405 0.000135187
406 0.000134722
407 0.000136816
408 0.000130545
409 0.000134528
410 0.000138142
411 0.000142395
412 0.000131997
413 0.000138773
414 0.000135573
415 0.000134025
416 0.00013877
417 0.000138565
418 0.00014192
419 0.00013887
420 0.000144205
421 0.000144335
422 0.000149888
423 0.000143223
424 0.000151762
425 0.000157832
426 0.00014172
427 0.000149734
428 0.000151434
429 0.000145576
430 0.000142996
431 0.000154232
432 0.000144188
433 0.000146856
434 0.000153515
435 0.000151474
436 0.000150908
437 0.000151002
438 0.000156387
439 0.000156169
440 0.000164159
441 0.000164979
442 0.00015272
443 0.000156707
444 0.000155786
445 0.000153963
446 0.000160169
447 0.000162861
448 0.000157544
449 0.00015983
450 0.000158293
451 0.000160053
452 0.000177751
453 0.00018649
454 0.00019786
455 0.000179114
456 0.000167611
457 0.000174921
458 0.000165314
459 0.000172951
460 0.000167511
461 0.000169802
462 0.000176193
463 0.000172357
464 0.000176555
465 0.000179714
466 0.000178067
467 0.000172786
468 0.000171605
469 0.00018111
470 0.000178498
471 0.000176948
472 0.000188592
473 0.000191319
474 0.000180489
475 0.000204484
476 0.000178079
477 0.000182244
478 0.000181991
479 0.000179902
480 0.000187287
481 0.000195079
482 0.00019133
483 0.000197571
484 0.000184594
485 0.000199447
486 0.000191444
487 0.000186152
488 0.000189041
489 0.000194874
490 0.000197993
491 0.000194725
492 0.000190233
493 0.000190313
494 0.000192997
495 0.000207056
496 0.000190736
497 0.000195948
498 0.000208337
499 0.000202966
500 0.0002068
501 0.000220421
502 0.000201931
503 0.000206952
504 0.000206008
505 0.000208999
506 0.000225421
507 0.000210481
508 0.000203323
509 0.000211359
510 0.000201253
511 0.000214341
512 0.000208437
513 0.000208527
514 0.000217131
515 0.000209528
516 0.000219088
517 0.000211476
518 0.000222631
519 0.000220157
520 0.00024416
521 0.000241024
522 0.000232094
523 0.00021697
524 0.000219428
525 0.000227779
526 0.000215418
527 0.000227003
528 0.000233217
529 0.000229128
530 0.000228293
531 0.000239251
532 0.000227597
533 0.000225037
534 0.000230553
535 0.000233269
536 0.000230215
537 0.00023111
538 0.000236636
539 0.000239462
540 0.000249468
541 0.000233884
542 0.000239761
543 0.000233938
544 0.000252391
545 0.000253533
546 0.00024332
547 0.000253054
548 0.000241505
549 0.0002372
550 0.000249379
551 0.000246368
552 0.000242814
553 0.000241697
554 0.000243758
555 0.000258743
556 0.000243056
557 0.000247251
558 0.000251712
559 0.000256824
560 0.000254638
561 0.000256685
562 0.000252425
563 0.000287532
564 0.000246479
565 0.000254335
566 0.000252936
567 0.000255878
568 0.000254196
569 0.000260922
570 0.000261754
571 0.000258631
572 0.000256913
573 0.000274113
574 0.000279372
575 0.000262826
576 0.00026795
577 0.000259922
578 0.000267612
579 0.000261651
580 0.000268266
581 0.000266491
582 0.000264792
583 0.000265999
584 0.000264502
585 0.000271176
586 0.00027034
587 0.000265838
588 0.000265869
589 0.000284457
590 0.000271206
591 0.000268308
592 0.000274824
593 0.000275769
594 0.000273545
595 0.000272702
596 0.000285033
597 0.000313135
598 0.000307184
599 0.000286025
600 0.000303163
601 0.000296517
602 0.000290563
603 0.00029632
604 0.000285105
605 0.000300622
606 0.000289892
607 0.000293204
608 0.00029984
609 0.000303048
610 0.000293706
611 0.000299082
612 0.000294179
613 0.000303576
614 0.000299808
615 0.000297602
616 0.000301038
617 0.000308821
618 0.000297167
619 0.000303508
620 0.000301814
621 0.000301991
622 0.00030547
623 0.000301447
624 0.000312015
625 0.000308858
626 0.000321294
627 0.000324004
628 0.000323483
629 0.000317387
630 0.00032246
631 0.000307915
632 0.000324158
633 0.000339799
634 0.000315108
635 0.000323067
636 0.000329909
637 0.000366432
638 0.000318353
639 0.000331486
640 0.000337236
641 0.000332142
642 0.000340494
643 0.000331773
644 0.000340859
645 0.000363754
646 0.000353968
647 0.000346089
648 0.000331697
649 0.000348498
650 0.000339163
651 0.000337643
652 0.00036983
653 0.000405076
654 0.000463515
655 0.000403004
656 0.000361741
657 0.000352736
658 0.000360879
659 0.000349091
660 0.000378245
661 0.000363209
662 0.000355517
663 0.000357054
664 0.000376539
665 0.000417226
666 0.000373366
667 0.000376869
668 0.000371088
669 0.000354706
670 0.0004055
671 0.000368201
672 0.000369821
673 0.000357164
674 0.000354091
675 0.000362766
676 0.000366835
677 0.000360588
678 0.00037615
679 0.000363336
680 0.000359684
681 0.000373768
682 0.000371321
683 0.000383068
684 0.000366709
685 0.000387655
686 0.000376363
687 0.000394255
688 0.00039251
689 0.000393106
690 0.000380058
691 0.000382387
692 0.000379978
693 0.000380323
694 0.00038526
695 0.000391224
696 0.000385052
697 0.000393563
698 0.000391185
699 0.000392133
700 0.000403661
701 0.000397785
702 0.000401997
703 0.000408452
704 0.000391532
705 0.00041318
706 0.000399728
707 0.000401315
708 0.000414352
709 0.000399162
710 0.000396511
711 0.000396707
712 0.000399078
713 0.0004009
714 0.000402315
715 0.00040771
716 0.000419655
717 0.000414651
718 0.000411427
719 0.000423153
720 0.00042828
721 0.000405589
722 0.000414853
723 0.000418094
724 0.000409215
725 0.000416406
726 0.000420539
727 0.000416752
728 0.000423867
729 0.000413902
730 0.000428445
731 0.000415841
732 0.000430816
733 0.000424126
734 0.000495215
735 0.000461568
736 0.000432564
737 0.000428278
738 0.000426244
739 0.000463134
740 0.000434091
741 0.000428716
742 0.000453276
743 0.000446286
744 0.000443663
745 0.000442343
746 0.000435335
747 0.000438207
748 0.000476824
749 0.00044427
750 0.000447511
751 0.000446355
752 0.000455516
753 0.000459227
754 0.000481038
755 0.000459918
756 0.000451556
757 0.000450984
758 0.000460888
759 0.000453839
760 0.000451314
761 0.000476091
762 0.000465882
763 0.000467259
764 0.000474569
765 0.000476867
766 0.000459628
767 0.000480213
768 0.000497086
769 0.000527203
770 0.000516813
771 0.000536778
772 0.000495212
773 0.000491859
774 0.000510768
775 0.000482245
776 0.00047215
777 0.000490116
778 0.00047982
779 0.000506496
780 0.000492135
781 0.000487447
782 0.000499824
783 0.000491861
784 0.000489587
785 0.000507447
786 0.00048609
787 0.000488547
788 0.000477158
789 0.000479675
790 0.000491057
791 0.000488295
792 0.00051927
793 0.000530038
794 0.000497918
795 0.000513898
796 0.00052099
797 0.000530284
798 0.000508598
799 0.000501855
800 0.000513744
801 0.000508349
802 0.000503829
803 0.000519755
804 0.000519761
805 0.000522478
806 0.000538368
807 0.000520274
808 0.000531541
809 0.000527992
810 0.000523073
811 0.000533053
812 0.000527515
813 0.00052217
814 0.000533973
815 0.000542508
816 0.00053235
817 0.000518994
818 0.000533875
819 0.000531474
820 0.000523561
821 0.000539319
822 0.000537205
823 0.000539631
824 0.000541147
825 0.000537798
826 0.000541477
827 0.000542398
828 0.00057022
829 0.000564642
830 0.000555767
831 0.000599036
832 0.000660415
833 0.000631661
834 0.000611562
835 0.000595097
836 0.000599458
837 0.000605718
838 0.000563553
839 0.00055099
840 0.000575556
841 0.000555356
842 0.000558411
843 0.00057896
844 0.000595207
845 0.000564573
846 0.000562795
847 0.000581704
848 0.00058078
849 0.000578678
850 0.000573008
851 0.00060531
852 0.000564729
853 0.000612929
854 0.000598103
855 0.000575783
856 0.000581399
857 0.000587063
858 0.000600523
859 0.000607409
860 0.000592702
861 0.000615909
862 0.000582231
863 0.000597595
864 0.000592115
865 0.000595654
866 0.000603182
867 0.000615379
868 0.000588629
869 0.000583294
870 0.000601362
871 0.000590967
872 0.000601177
873 0.000618574
874 0.000608048
875 0.000604069
876 0.000610392
877 0.000619029
878 0.000606667
879 0.000616428
880 0.000615551
881 0.000610862
882 0.000611734
883 0.000620291
884 0.000615969
885 0.000613628
886 0.00061823
887 0.000686291
888 0.000615716
889 0.000676631
890 0.000641719
891 0.000615607
892 0.000622464
893 0.00062064
894 0.000620985
895 0.000619193
896 0.000652512
897 0.000672244
898 0.00064416
899 0.000643348
900 0.000653519
901 0.000645046
902 0.000643138
903 0.000670895
904 0.000653185
905 0.000666167
906 0.000645125
907 0.000664106
908 0.00066153
909 0.00065571
910 0.000658278
911 0.000656677
912 0.000677034
913 0.000681024
914 0.00065837
915 0.00066528
916 0.000672088
917 0.000663072
918 0.000665211
919 0.000681515
920 0.000666991
921 0.000686648
922 0.000677525
923 0.000673803
924 0.000665965
925 0.000728299
926 0.000682617
927 0.000682629
928 0.000681884
929 0.000690109
930 0.000682323
931 0.000704926
932 0.000691459
933 0.000686654
934 0.000729899
935 0.000685457
936 0.000694208
937 0.000711147
938 0.000687584
939 0.000703315
940 0.000721678
941 0.000727188
942 0.000708559
943 0.000713714
944 0.000709454
945 0.000697027
946 0.000710689
947 0.000707339
948 0.00074649
949 0.00072912
950 0.000707012
951 0.000713526
952 0.000727214
953 0.000721117
954 0.000711413
955 0.000744224
956 0.000735597
957 0.000720077
958 0.000737533
959 0.000723791
960 0.000729169
961 0.000740994
962 0.000748702
963 0.000770894
964 0.000761754
965 0.00075112
966 0.000749701
967 0.0007434
968 0.000766561
969 0.000762001
970 0.000767119
971 0.000759905
972 0.000751078
973 0.000774071
974 0.000787929
975 0.000779113
976 0.000759779
977 0.000794204
978 0.000819531
979 0.000772826
980 0.000759562
981 0.000773755
982 0.00076595
983 0.000771734
984 0.00077212
985 0.000784818
986 0.000836154
987 0.000812575
988 0.000784647
989 0.000789311
990 0.000773584
991 0.000783182
992 0.000787606
993 0.00079289
994 0.00078566
995 0.000829552
996 0.000919485
997 0.00085675
998 0.000832556
999 0.000945176
