2 1.63e-07
3 1.51e-07
4 1.97e-07
5 1.79e-07
6 2.13e-07
7 2.27e-07
8 2.57e-07
9 2.76e-07
10 3.22e-07
11 4.05e-07
12 3.7e-07
13 4.2e-07
14 4.49e-07
15 5.27e-07
16 5.99e-07
17 5.64e-07
18 6.39e-07
19 7.08e-07
20 8.17e-07
21 8.62e-07
22 8.98e-07
23 9.4e-07
24 1.012e-06
25 1.069e-06
26 1.216e-06
27 1.261e-06
28 1.349e-06
29 1.387e-06
30 1.594e-06
31 1.723e-06
32 1.69e-06
33 1.947e-06
34 1.877e-06
35 2.048e-06
36 2.132e-06
37 2.284e-06
38 2.355e-06
39 2.446e-06
40 2.558e-06
41 2.775e-06
42 2.822e-06
43 2.994e-06
44 3.516e-06
45 4.048e-06
46 3.739e-06
47 4.212e-06
48 4.124e-06
49 4.32e-06
50 4.543e-06
51 4.576e-06
52 5.268e-06
53 5.048e-06
54 5.359e-06
55 5.471e-06
56 5.809e-06
57 5.713e-06
58 6.09e-06
59 6.147e-06
60 6.255e-06
61 6.551e-06
62 6.724e-06
63 6.979e-06
64 6.993e-06
65 7.322e-06
66 7.372e-06
67 7.164e-06
68 7.312e-06
69 7.569e-06
70 7.65e-06
71 8.054e-06
72 8.151e-06
73 8.237e-06
74 8.822e-06
75 9.512e-06
76 9.091e-06
77 9.521e-06
78 9.799e-06
79 1.0368e-05
80 1.0715e-05
81 1.0342e-05
82 1.0921e-05
83 1.099e-05
84 1.1491e-05
85 1.1351e-05
86 1.1429e-05
87 1.239e-05
88 1.1903e-05
89 1.1847e-05
90 1.2064e-05
91 1.228e-05
92 1.2641e-05
93 1.3574e-05
94 1.3547e-05
95 1.3841e-05
96 1.391e-05
97 1.426e-05
98 1.4869e-05
99 1.4874e-05
100 1.5106e-05
101 1.5288e-05
102 1.6101e-05
103 1.6021e-05
104 1.6259e-05
105 1.647e-05
106 1.7586e-05
107 1.751e-05
108 1.7947e-05
109 1.8047e-05
110 1.8245e-05
111 1.8869e-05
112 1.8719e-05
113 2.0615e-05
114 2.0523e-05
115 1.9513e-05
116 1.9797e-05
117 2.1057e-05
118 2.1031e-05
119 2.2012e-05
120 2.1529e-05
121 2.2148e-05
122 2.2067e-05
123 2.2222e-05
124 2.2615e-05
125 2.3049e-05
126 2.5242e-05
127 3.2572e-05
128 3.2002e-05
129 2.7022e-05
130 2.6004e-05
131 2.5551e-05
132 2.5571e-05
133 2.6267e-05
134 2.8724e-05
135 2.9247e-05
136 2.8715e-05
137 2.852e-05
138 2.7875e-05
139 2.8224e-05
140 2.8848e-05
141 2.9918e-05
142 2.9681e-05
143 3.0948e-05
144 3.1556e-05
145 3.0948e-05
146 3.1265e-05
147 3.1636e-05
148 3.2632e-05
149 3.2888e-05
150 3.9972e-05
151 3.3268e-05
152 3.5855e-05
153 3.4819e-05
154 3.5789e-05
155 3.6342e-05
156 3.7206e-05
157 3.6065e-05
158 3.6463e-05
159 3.7059e-05
160 3.848e-05
161 3.8923e-05
162 3.8379e-05
163 3.8955e-05
164 3.927e-05
165 4.003e-05
166 4.2289e-05
167 4.342e-05
168 4.1683e-05
169 4.1402e-05
170 4.2635e-05
171 4.4097e-05
172 4.336e-05
173 4.4276e-05
174 4.4695e-05
175 4.8272e-05
176 4.7558e-05
177 4.757e-05
178 4.6622e-05
179 4.64e-05
180 4.6997e-05
181 5.0358e-05
182 4.8362e-05
183 4.8665e-05
184 5.2197e-05
185 5.0696e-05
186 5.0725e-05
187 5.186e-05
188 5.1796e-05
189 5.5688e-05
190 6.2289e-05
191 6.4718e-05
192 6.8911e-05
193 6.2375e-05
194 6.2958e-05
195 6.0872e-05
196 5.8478e-05
197 5.9286e-05
198 6.0353e-05
199 6.0903e-05
200 6.0098e-05
201 6.1575e-05
202 6.0355e-05
203 6.0554e-05
204 6.0701e-05
205 6.779e-05
206 6.628e-05
207 6.6551e-05
208 6.3237e-05
209 6.565e-05
210 6.7155e-05
211 6.4577e-05
212 6.5548e-05
213 6.6599e-05
214 6.8022e-05
215 6.7284e-05
216 6.8518e-05
217 6.9103e-05
218 6.8616e-05
219 7.0518e-05
220 7.1688e-05
221 7.3375e-05
222 7.5155e-05
223 7.3022e-05
224 7.5721e-05
225 7.7833e-05
226 7.5758e-05
227 7.433e-05
228 8.3354e-05
229 7.6187e-05
230 7.611e-05
231 8.0004e-05
232 7.7214e-05
233 7.7893e-05
234 8.0653e-05
235 7.9498e-05
236 8.2518e-05
237 8.352e-05
238 8.2444e-05
239 8.2413e-05
240 8.4716e-05
241 8.4622e-05
242 8.4209e-05
243 8.6486e-05
244 8.5857e-05
245 8.6533e-05
246 9.3729e-05
247 8.7695e-05
248 9.1738e-05
249 9.2068e-05
250 9.0162e-05
251 9.104e-05
252 9.608e-05
253 9.219e-05
254 9.3515e-05
255 9.5164e-05
256 9.4644e-05
257 9.5477e-05
258 0.000111126
259 0.000101457
260 9.7652e-05
261 9.9161e-05
262 0.000100458
263 0.000101287
264 0.000101976
265 0.000101876
266 0.000103288
267 0.000103449
268 0.000107276
269 0.000105523
270 0.000106283
271 0.000106579
272 0.000107444
273 0.000107914
274 0.000111492
275 0.000109402
276 0.00011316
277 0.000115979
278 0.000114578
279 0.000112005
280 0.000120041
281 0.000113537
282 0.000131982
283 0.000121966
284 0.000120022
285 0.000116437
286 0.000125153
287 0.000120437
288 0.000129656
289 0.000128383
290 0.000122864
291 0.000125667
292 0.000131937
293 0.000127074
294 0.000129748
295 0.000126541
296 0.000129522
297 0.000127791
298 0.000130296
299 0.000128913
300 0.000137219
301 0.000136333
302 0.000135312
303 0.000136747
304 0.000141011
305 0.000142321
306 0.000148395
307 0.000144773
308 0.000155893
309 0.000148155
310 0.000146902
311 0.000145109
312 0.000141677
313 0.000146073
314 0.000146292
315 0.000150919
316 0.000160954
317 0.000156651
318 0.000167438
319 0.000149672
320 0.000159598
321 0.000152061
322 0.000151
323 0.000152401
324 0.000153083
325 0.000151857
326 0.000155105
327 0.000154166
328 0.000183137
329 0.000171878
330 0.000175085
331 0.000171371
332 0.000173238
333 0.0001787
334 0.000190507
335 0.000186144
336 0.000171371
337 0.000164405
338 0.000166587
339 0.000170154
340 0.000169991
341 0.000168861
342 0.000180595
343 0.000198242
344 0.000183234
345 0.000223863
346 0.00021118
347 0.000189351
348 0.000182226
349 0.000181376
350 0.000204225
351 0.00019388
352 0.000198211
353 0.00022494
354 0.000203062
355 0.000201022
356 0.000201004
357 0.000254332
358 0.000231422
359 0.000264104
360 0.000246643
361 0.000236318
362 0.000233144
363 0.000225487
364 0.000223344
365 0.000219106
366 0.000210617
367 0.000200049
368 0.000201238
369 0.000202777
370 0.000195458
371 0.000204349
372 0.000214096
373 0.000213998
374 0.000206795
375 0.000206674
376 0.000225329
377 0.00024854
378 0.000255758
379 0.000251662
380 0.000244604
381 0.000245147
382 0.000238302
383 0.00026067
384 0.000280676
385 0.000299317
386 0.0003178
387 0.000283814
388 0.000290304
389 0.000335391
390 0.000313611
391 0.000308153
392 0.000274493
393 0.000278043
394 0.000245104
395 0.000294048
396 0.000277616
397 0.000232886
398 0.000228196
399 0.000246319
400 0.000250259
401 0.000258401
402 0.000238731
403 0.000274972
404 0.000243446
405 0.000248277
406 0.000274715
407 0.000261494
408 0.000245775
409 0.000245149
410 0.000267499
411 0.000313114
412 0.000303621
413 0.000273573
414 0.000316362
415 0.000250044
416 0.000248491
417 0.00024838
418 0.000259623
419 0.000253218
420 0.000270136
421 0.0002524
422 0.000262915
423 0.000257218
424 0.000260481
425 0.000259812
426 0.000264437
427 0.000300223
428 0.000298088
429 0.000335751
430 0.000271741
431 0.000315563
432 0.000314014
433 0.000328131
434 0.000299623
435 0.000328716
436 0.000275569
437 0.000316157
438 0.000275014
439 0.000281331
440 0.000277307
441 0.000277557
442 0.000282726
443 0.000291197
444 0.000280927
445 0.000287447
446 0.000297161
447 0.000287456
448 0.000295582
449 0.000293896
450 0.000289238
451 0.000293993
452 0.000291595
453 0.000312372
454 0.00029596
455 0.000363998
456 0.000302527
457 0.000296673
458 0.000300444
459 0.000309104
460 0.000306244
461 0.000303596
462 0.00031564
463 0.000370082
464 0.000413456
465 0.000410871
466 0.000378502
467 0.000340686
468 0.000321668
469 0.000336742
470 0.000321925
471 0.00034566
472 0.00038341
473 0.000449377
474 0.000434935
475 0.000451654
476 0.000414389
477 0.000383165
478 0.000374524
479 0.000352511
480 0.000351913
481 0.000424554
482 0.000333136
483 0.00036295
484 0.000346031
485 0.000468455
486 0.000535374
487 0.000478191
488 0.000427682
489 0.000426647
490 0.000418527
491 0.00040158
492 0.000367146
493 0.00037795
494 0.000363689
495 0.000367116
496 0.000441174
497 0.000408631
498 0.000415853
499 0.000445452
500 0.000486238
501 0.000409652
502 0.000367743
503 0.000367993
504 0.00039876
505 0.000489044
506 0.000468946
507 0.000458989
508 0.000504881
509 0.000431044
510 0.000410985
511 0.000409591
512 0.000457657
513 0.000427694
514 0.000404358
515 0.000387576
516 0.000387975
517 0.000415342
518 0.00050043
519 0.000490611
520 0.000426038
521 0.000475265
522 0.000457441
523 0.000461284
524 0.000436396
525 0.000523767
526 0.000459786
527 0.000438779
528 0.000464255
529 0.000449142
530 0.000399827
531 0.000411147
532 0.000492043
533 0.000478842
534 0.000480413
535 0.000509582
536 0.00041636
537 0.000411573
538 0.000416511
539 0.000417424
540 0.00041694
541 0.000421846
542 0.000499778
543 0.000556687
544 0.000537231
545 0.000434396
546 0.000431184
547 0.000432791
548 0.00043385
549 0.000438809
550 0.000449317
551 0.000435283
552 0.000474266
553 0.0005558
554 0.000463758
555 0.000443878
556 0.000465896
557 0.000539546
558 0.000599131
559 0.000492959
560 0.000476783
561 0.000495177
562 0.000515895
563 0.000539599
564 0.000489425
565 0.000455723
566 0.000496341
567 0.000458366
568 0.000467184
569 0.00046491
570 0.000530108
571 0.000465572
572 0.00048403
573 0.000470353
574 0.000483378
575 0.000470675
576 0.00047952
577 0.000547086
578 0.000501886
579 0.000516777
580 0.000492955
581 0.000483929
582 0.000506202
583 0.000492367
584 0.000505974
585 0.000494376
586 0.000512686
587 0.00050455
588 0.000514468
589 0.000516381
590 0.000517416
591 0.000514045
592 0.000527583
593 0.000507733
594 0.000539085
595 0.000538613
596 0.000531647
597 0.00053998
598 0.00051726
599 0.000520402
600 0.000531465
601 0.000520205
602 0.000517926
603 0.00053045
604 0.000537379
605 0.000543427
606 0.000528453
607 0.000688912
608 0.000565176
609 0.000589558
610 0.000713235
611 0.000640697
612 0.000633168
613 0.000674002
614 0.000580544
615 0.000742393
616 0.000773923
617 0.000590687
618 0.000576532
619 0.000574511
620 0.000575563
621 0.000634206
622 0.000575749
623 0.000565567
624 0.000612508
625 0.000610838
626 0.000617378
627 0.000652608
628 0.000657505
629 0.000601886
630 0.00058623
631 0.000588537
632 0.000591846
633 0.000583377
634 0.000648212
635 0.00062765
636 0.000617044
637 0.000600463
638 0.000684086
639 0.000695535
640 0.000634006
641 0.000612467
642 0.000602912
643 0.000601958
644 0.000625741
645 0.000614356
646 0.00063196
647 0.000621886
648 0.000646036
649 0.000608382
650 0.000650635
651 0.000641166
652 0.000631264
653 0.000666566
654 0.000648983
655 0.000630904
656 0.000635105
657 0.000643519
658 0.000651334
659 0.000665712
660 0.000629054
661 0.000708987
662 0.000656847
663 0.000660029
664 0.000648769
665 0.000646988
666 0.000658761
667 0.000673774
668 0.000696357
669 0.000717282
670 0.000706127
671 0.000690272
672 0.000761005
673 0.000664863
674 0.000666626
675 0.000663736
676 0.000674932
677 0.000667155
678 0.000675967
679 0.000720515
680 0.000789014
681 0.00075258
682 0.000731868
683 0.000704159
684 0.000755924
685 0.000701553
686 0.000686293
687 0.000698881
688 0.000717208
689 0.000715602
690 0.000690111
691 0.000697185
692 0.000713703
693 0.000705081
694 0.000737673
695 0.000717751
696 0.000723458
697 0.000721084
698 0.000722122
699 0.000727212
700 0.000738528
701 0.000738638
702 0.000750214
703 0.000739189
704 0.000724094
705 0.000796577
706 0.000770337
707 0.000747712
708 0.00081125
709 0.000806131
710 0.000852811
711 0.0007736
712 0.000750444
713 0.000777196
714 0.000779561
715 0.000851904
716 0.000819314
717 0.00078955
718 0.000784715
719 0.000777311
720 0.000796744
721 0.000819802
722 0.000845069
723 0.000812917
724 0.000848236
725 0.000785967
726 0.000797601
727 0.000782316
728 0.000769778
729 0.000769439
730 0.000787028
731 0.000778385
732 0.000789866
733 0.000777527
734 0.000813143
735 0.000789621
736 0.000850197
737 0.000830928
738 0.000879167
739 0.000851645
740 0.000865588
741 0.000807635
742 0.000819988
743 0.000818509
744 0.00084158
745 0.000962147
746 0.000805041
747 0.00087081
748 0.000856711
749 0.000829113
750 0.000831209
751 0.00083731
752 0.000823269
753 0.000828263
754 0.000830602
755 0.000850607
756 0.000871331
757 0.000886586
758 0.000847546
759 0.00089029
760 0.000880967
761 0.000951741
762 0.000853724
763 0.000908568
764 0.000899008
765 0.000886018
766 0.000916588
767 0.000881982
768 0.00085381
769 0.000905138
770 0.000928229
771 0.000880489
772 0.000918636
773 0.000925892
774 0.000920395
775 0.000888659
776 0.000923042
777 0.000961832
778 0.000929996
779 0.000907123
780 0.000982949
781 0.000930793
782 0.000912477
783 0.000905554
784 0.000935109
785 0.000931007
786 0.000941776
787 0.000972958
788 0.000954563
789 0.000933837
790 0.000945898
791 0.00100878
792 0.000960014
793 0.00102513
794 0.00100908
795 0.00100464
796 0.000987743
797 0.000995522
798 0.000958462
799 0.000948846
800 0.000968514
801 0.000960517
802 0.00096644
803 0.000955486
804 0.000987195
805 0.000984842
806 0.000990807
807 0.000973923
808 0.000968087
809 0.000973109
810 0.000982015
811 0.000981869
812 0.000999136
813 0.00099933
814 0.000998221
815 0.000997144
816 0.0010172
817 0.00100573
818 0.00102511
819 0.00104108
820 0.00101972
821 0.00101774
822 0.00101996
823 0.00102843
824 0.00101895
825 0.00104689
826 0.00104066
827 0.00107169
828 0.00103455
829 0.00103173
830 0.00102693
831 0.00103962
832 0.00108042
833 0.00116559
834 0.00116456
835 0.00108247
836 0.00110785
837 0.00111817
838 0.00109014
839 0.00116514
840 0.00125395
841 0.00114855
842 0.00109435
843 0.00114492
844 0.00124472
845 0.00121359
846 0.0011942
847 0.00138164
848 0.00130706
849 0.0011997
850 0.00114281
851 0.00123914
852 0.00122161
853 0.00125706
854 0.00109323
855 0.0011884
856 0.00113185
857 0.00112772
858 0.00115067
859 0.00116563
860 0.00114425
861 0.00115902
862 0.00114983
863 0.00113161
864 0.00113899
865 0.00114051
866 0.00118359
867 0.00114474
868 0.0011603
869 0.00118058
870 0.00118053
871 0.0011633
872 0.00118055
873 0.00122328
874 0.00117281
875 0.00117382
876 0.00123874
877 0.00122529
878 0.00122499
879 0.00118155
880 0.00122045
881 0.00125082
882 0.00124684
883 0.0012215
884 0.00122507
885 0.00129566
886 0.00127519
887 0.00123688
888 0.00126843
889 0.00136838
890 0.00123457
891 0.00120612
892 0.00126748
893 0.00124569
894 0.00125114
895 0.00123687
896 0.00125037
897 0.00124579
898 0.00123283
899 0.00124271
900 0.00127909
901 0.00125292
902 0.00126824
903 0.00129195
904 0.00126806
905 0.00127446
906 0.00125559
907 0.00128716
908 0.0014014
909 0.00137804
910 0.00127922
911 0.00127005
912 0.00142042
913 0.00129242
914 0.00135786
915 0.00127688
916 0.00132089
917 0.00129693
918 0.00129048
919 0.00133972
920 0.00130777
921 0.00131546
922 0.00133372
923 0.00137257
924 0.00147807
925 0.00137971
926 0.00137639
927 0.0014257
928 0.00135256
929 0.00138324
930 0.00139484
931 0.00136734
932 0.00138824
933 0.00136081
934 0.0013637
935 0.00135417
936 0.00138269
937 0.00141281
938 0.00146235
939 0.00143822
940 0.0014714
941 0.00134579
942 0.00141282
943 0.00140193
944 0.00136215
945 0.00139022
946 0.00141418
947 0.00142068
948 0.00140075
949 0.0014494
950 0.00138906
951 0.00137921
952 0.00138005
953 0.0014146
954 0.00143399
955 0.00142829
956 0.00141741
957 0.00141571
958 0.001381
959 0.00144845
960 0.00144872
961 0.00141826
962 0.00140711
963 0.00144156
964 0.0014162
965 0.00143366
966 0.0014271
967 0.00141926
968 0.00142839
969 0.00147949
970 0.00148903
971 0.00149352
972 0.00146855
973 0.00149733
974 0.00150676
975 0.00153056
976 0.00145673
977 0.00145266
978 0.00145912
979 0.00147549
980 0.00145695
981 0.00146604
982 0.00148108
983 0.00147528
984 0.00149608
985 0.00148685
986 0.00148774
987 0.00147415
988 0.00150474
989 0.0014953
990 0.00150031
991 0.00150619
992 0.00150299
993 0.00159863
994 0.00156821
995 0.00153498
996 0.00155866
997 0.00154864
998 0.00152908
999 0.00154439
