2 2
3 5
4 9
5 14
6 20
7 27
8 35
9 44
10 54
11 65
12 77
13 90
14 104
15 119
16 135
17 152
18 170
19 189
20 209
21 230
22 252
23 275
24 299
25 324
26 350
27 377
28 405
29 434
30 464
31 495
32 527
33 560
34 594
35 629
36 665
37 702
38 740
39 779
40 819
41 860
42 902
43 945
44 989
45 1034
46 1080
47 1127
48 1175
49 1224
50 1274
51 1325
52 1377
53 1430
54 1484
55 1539
56 1595
57 1652
58 1710
59 1769
60 1829
61 1890
62 1952
63 2015
64 2079
65 2144
66 2210
67 2277
68 2345
69 2414
70 2484
71 2555
72 2627
73 2700
74 2774
75 2849
76 2925
77 3002
78 3080
79 3159
80 3239
81 3320
82 3402
83 3485
84 3569
85 3654
86 3740
87 3827
88 3915
89 4004
90 4094
91 4185
92 4277
93 4370
94 4464
95 4559
96 4655
97 4752
98 4850
99 4949
100 5049
101 5150
102 5252
103 5355
104 5459
105 5564
106 5670
107 5777
108 5885
109 5994
110 6104
111 6215
112 6327
113 6440
114 6554
115 6669
116 6785
117 6902
118 7020
119 7139
120 7259
121 7380
122 7502
123 7625
124 7749
125 7874
126 8000
127 8127
128 8255
129 8384
130 8514
131 8645
132 8777
133 8910
134 9044
135 9179
136 9315
137 9452
138 9590
139 9729
140 9869
141 10010
142 10152
143 10295
144 10439
145 10584
146 10730
147 10877
148 11025
149 11174
150 11324
151 11475
152 11627
153 11780
154 11934
155 12089
156 12245
157 12402
158 12560
159 12719
160 12879
161 13040
162 13202
163 13365
164 13529
165 13694
166 13860
167 14027
168 14195
169 14364
170 14534
171 14705
172 14877
173 15050
174 15224
175 15399
176 15575
177 15752
178 15930
179 16109
180 16289
181 16470
182 16652
183 16835
184 17019
185 17204
186 17390
187 17577
188 17765
189 17954
190 18144
191 18335
192 18527
193 18720
194 18914
195 19109
196 19305
197 19502
198 19700
199 19899
200 20099
201 20300
202 20502
203 20705
204 20909
205 21114
206 21320
207 21527
208 21735
209 21944
210 22154
211 22365
212 22577
213 22790
214 23004
215 23219
216 23435
217 23652
218 23870
219 24089
220 24309
221 24530
222 24752
223 24975
224 25199
225 25424
226 25650
227 25877
228 26105
229 26334
230 26564
231 26795
232 27027
233 27260
234 27494
235 27729
236 27965
237 28202
238 28440
239 28679
240 28919
241 29160
242 29402
243 29645
244 29889
245 30134
246 30380
247 30627
248 30875
249 31124
250 31374
251 31625
252 31877
253 32130
254 32384
255 32639
256 32895
257 33152
258 33410
259 33669
260 33929
261 34190
262 34452
263 34715
264 34979
265 35244
266 35510
267 35777
268 36045
269 36314
270 36584
271 36855
272 37127
273 37400
274 37674
275 37949
276 38225
277 38502
278 38780
279 39059
280 39339
281 39620
282 39902
283 40185
284 40469
285 40754
286 41040
287 41327
288 41615
289 41904
290 42194
291 42485
292 42777
293 43070
294 43364
295 43659
296 43955
297 44252
298 44550
299 44849
300 45149
301 45450
302 45752
303 46055
304 46359
305 46664
306 46970
307 47277
308 47585
309 47894
310 48204
311 48515
312 48827
313 49140
314 49454
315 49769
316 50085
317 50402
318 50720
319 51039
320 51359
321 51680
322 52002
323 52325
324 52649
325 52974
326 53300
327 53627
328 53955
329 54284
330 54614
331 54945
332 55277
333 55610
334 55944
335 56279
336 56615
337 56952
338 57290
339 57629
340 57969
341 58310
342 58652
343 58995
344 59339
345 59684
346 60030
347 60377
348 60725
349 61074
350 61424
351 61775
352 62127
353 62480
354 62834
355 63189
356 63545
357 63902
358 64260
359 64619
360 64979
361 65340
362 65702
363 66065
364 66429
365 66794
366 67160
367 67527
368 67895
369 68264
370 68634
371 69005
372 69377
373 69750
374 70124
375 70499
376 70875
377 71252
378 71630
379 72009
380 72389
381 72770
382 73152
383 73535
384 73919
385 74304
386 74690
387 75077
388 75465
389 75854
390 76244
391 76635
392 77027
393 77420
394 77814
395 78209
396 78605
397 79002
398 79400
399 79799
400 80199
401 80600
402 81002
403 81405
404 81809
405 82214
406 82620
407 83027
408 83435
409 83844
410 84254
411 84665
412 85077
413 85490
414 85904
415 86319
416 86735
417 87152
418 87570
419 87989
420 88409
421 88830
422 89252
423 89675
424 90099
425 90524
426 90950
427 91377
428 91805
429 92234
430 92664
431 93095
432 93527
433 93960
434 94394
435 94829
436 95265
437 95702
438 96140
439 96579
440 97019
441 97460
442 97902
443 98345
444 98789
445 99234
446 99680
447 100127
448 100575
449 101024
450 101474
451 101925
452 102377
453 102830
454 103284
455 103739
456 104195
457 104652
458 105110
459 105569
460 106029
461 106490
462 106952
463 107415
464 107879
465 108344
466 108810
467 109277
468 109745
469 110214
470 110684
471 111155
472 111627
473 112100
474 112574
475 113049
476 113525
477 114002
478 114480
479 114959
480 115439
481 115920
482 116402
483 116885
484 117369
485 117854
486 118340
487 118827
488 119315
489 119804
490 120294
491 120785
492 121277
493 121770
494 122264
495 122759
496 123255
497 123752
498 124250
499 124749
500 125249
501 125750
502 126252
503 126755
504 127259
505 127764
506 128270
507 128777
508 129285
509 129794
510 130304
511 130815
512 131327
513 131840
514 132354
515 132869
516 133385
517 133902
518 134420
519 134939
520 135459
521 135980
522 136502
523 137025
524 137549
525 138074
526 138600
527 139127
528 139655
529 140184
530 140714
531 141245
532 141777
533 142310
534 142844
535 143379
536 143915
537 144452
538 144990
539 145529
540 146069
541 146610
542 147152
543 147695
544 148239
545 148784
546 149330
547 149877
548 150425
549 150974
550 151524
551 152075
552 152627
553 153180
554 153734
555 154289
556 154845
557 155402
558 155960
559 156519
560 157079
561 157640
562 158202
563 158765
564 159329
565 159894
566 160460
567 161027
568 161595
569 162164
570 162734
571 163305
572 163877
573 164450
574 165024
575 165599
576 166175
577 166752
578 167330
579 167909
580 168489
581 169070
582 169652
583 170235
584 170819
585 171404
586 171990
587 172577
588 173165
589 173754
590 174344
591 174935
592 175527
593 176120
594 176714
595 177309
596 177905
597 178502
598 179100
599 179699
600 180299
601 180900
602 181502
603 182105
604 182709
605 183314
606 183920
607 184527
608 185135
609 185744
610 186354
611 186965
612 187577
613 188190
614 188804
615 189419
616 190035
617 190652
618 191270
619 191889
620 192509
621 193130
622 193752
623 194375
624 194999
625 195624
626 196250
627 196877
628 197505
629 198134
630 198764
631 199395
632 200027
633 200660
634 201294
635 201929
636 202565
637 203202
638 203840
639 204479
640 205119
641 205760
642 206402
643 207045
644 207689
645 208334
646 208980
647 209627
648 210275
649 210924
650 211574
651 212225
652 212877
653 213530
654 214184
655 214839
656 215495
657 216152
658 216810
659 217469
660 218129
661 218790
662 219452
663 220115
664 220779
665 221444
666 222110
667 222777
668 223445
669 224114
670 224784
671 225455
672 226127
673 226800
674 227474
675 228149
676 228825
677 229502
678 230180
679 230859
680 231539
681 232220
682 232902
683 233585
684 234269
685 234954
686 235640
687 236327
688 237015
689 237704
690 238394
691 239085
692 239777
693 240470
694 241164
695 241859
696 242555
697 243252
698 243950
699 244649
700 245349
701 246050
702 246752
703 247455
704 248159
705 248864
706 249570
707 250277
708 250985
709 251694
710 252404
711 253115
712 253827
713 254540
714 255254
715 255969
716 256685
717 257402
718 258120
719 258839
720 259559
721 260280
722 261002
723 261725
724 262449
725 263174
726 263900
727 264627
728 265355
729 266084
730 266814
731 267545
732 268277
733 269010
734 269744
735 270479
736 271215
737 271952
738 272690
739 273429
740 274169
741 274910
742 275652
743 276395
744 277139
745 277884
746 278630
747 279377
748 280125
749 280874
750 281624
751 282375
752 283127
753 283880
754 284634
755 285389
756 286145
757 286902
758 287660
759 288419
760 289179
761 289940
762 290702
763 291465
764 292229
765 292994
766 293760
767 294527
768 295295
769 296064
770 296834
771 297605
772 298377
773 299150
774 299924
775 300699
776 301475
777 302252
778 303030
779 303809
780 304589
781 305370
782 306152
783 306935
784 307719
785 308504
786 309290
787 310077
788 310865
789 311654
790 312444
791 313235
792 314027
793 314820
794 315614
795 316409
796 317205
797 318002
798 318800
799 319599
800 320399
801 321200
802 322002
803 322805
804 323609
805 324414
806 325220
807 326027
808 326835
809 327644
810 328454
811 329265
812 330077
813 330890
814 331704
815 332519
816 333335
817 334152
818 334970
819 335789
820 336609
821 337430
822 338252
823 339075
824 339899
825 340724
826 341550
827 342377
828 343205
829 344034
830 344864
831 345695
832 346527
833 347360
834 348194
835 349029
836 349865
837 350702
838 351540
839 352379
840 353219
841 354060
842 354902
843 355745
844 356589
845 357434
846 358280
847 359127
848 359975
849 360824
850 361674
851 362525
852 363377
853 364230
854 365084
855 365939
856 366795
857 367652
858 368510
859 369369
860 370229
861 371090
862 371952
863 372815
864 373679
865 374544
866 375410
867 376277
868 377145
869 378014
870 378884
871 379755
872 380627
873 381500
874 382374
875 383249
876 384125
877 385002
878 385880
879 386759
880 387639
881 388520
882 389402
883 390285
884 391169
885 392054
886 392940
887 393827
888 394715
889 395604
890 396494
891 397385
892 398277
893 399170
894 400064
895 400959
896 401855
897 402752
898 403650
899 404549
900 405449
901 406350
902 407252
903 408155
904 409059
905 409964
906 410870
907 411777
908 412685
909 413594
910 414504
911 415415
912 416327
913 417240
914 418154
915 419069
916 419985
917 420902
918 421820
919 422739
920 423659
921 424580
922 425502
923 426425
924 427349
925 428274
926 429200
927 430127
928 431055
929 431984
930 432914
931 433845
932 434777
933 435710
934 436644
935 437579
936 438515
937 439452
938 440390
939 441329
940 442269
941 443210
942 444152
943 445095
944 446039
945 446984
946 447930
947 448877
948 449825
949 450774
950 451724
951 452675
952 453627
953 454580
954 455534
955 456489
956 457445
957 458402
958 459360
959 460319
960 461279
961 462240
962 463202
963 464165
964 465129
965 466094
966 467060
967 468027
968 468995
969 469964
970 470934
971 471905
972 472877
973 473850
974 474824
975 475799
976 476775
977 477752
978 478730
979 479709
980 480689
981 481670
982 482652
983 483635
984 484619
985 485604
986 486590
987 487577
988 488565
989 489554
990 490544
991 491535
992 492527
993 493520
994 494514
995 495509
996 496505
997 497502
998 498500
999 499499
