2 1.82e-07
3 1.57e-07
4 1.79e-07
5 1.73e-07
6 1.64e-07
7 1.71e-07
8 9.6e-08
9 1.8e-07
10 2.01e-07
11 1.88e-07
12 1.77e-07
13 1.89e-07
14 2.09e-07
15 2.1e-07
16 2.18e-07
17 2.02e-07
18 2.15e-07
19 2.44e-07
20 2.23e-07
21 2.28e-07
22 2.32e-07
23 2.36e-07
24 3.28e-07
25 2.35e-07
26 2.65e-07
27 2.75e-07
28 2.76e-07
29 2.81e-07
30 2.69e-07
31 2.95e-07
32 2.74e-07
33 2.76e-07
34 3.05e-07
35 3.19e-07
36 2.83e-07
37 2.6e-07
38 3.09e-07
39 3.48e-07
40 2.95e-07
41 2.94e-07
42 2.96e-07
43 3.11e-07
44 2.74e-07
45 3.29e-07
46 2.96e-07
47 3.31e-07
48 3.31e-07
49 3.25e-07
50 3.28e-07
51 3.51e-07
52 3.66e-07
53 3.93e-07
54 4.9e-07
55 3.73e-07
56 3.59e-07
57 4.39e-07
58 3.59e-07
59 3.84e-07
60 3.78e-07
61 3.78e-07
62 3.88e-07
63 3.79e-07
64 3.96e-07
65 3.78e-07
66 4.03e-07
67 3.96e-07
68 4.12e-07
69 4.07e-07
70 4.21e-07
71 4.3e-07
72 4.29e-07
73 4.16e-07
74 4.2e-07
75 4.17e-07
76 4.45e-07
77 4.75e-07
78 4.44e-07
79 4.5e-07
80 4.62e-07
81 5.11e-07
82 4.56e-07
83 4.7e-07
84 4.82e-07
85 4.59e-07
86 4.8e-07
87 4.78e-07
88 4.92e-07
89 4.78e-07
90 4.86e-07
91 4.99e-07
92 4.89e-07
93 5.75e-07
94 4.93e-07
95 5.69e-07
96 5.27e-07
97 5.22e-07
98 5.13e-07
99 5.44e-07
100 5.92e-07
101 5.3e-07
102 5.53e-07
103 5.58e-07
104 5.52e-07
105 5.51e-07
106 5.54e-07
107 5.56e-07
108 6.1e-07
109 5.85e-07
110 6.04e-07
111 5.87e-07
112 5.66e-07
113 5.77e-07
114 5.99e-07
115 5.95e-07
116 6.1e-07
117 6.88e-07
118 6.38e-07
119 6.22e-07
120 6.48e-07
121 6.41e-07
122 6.27e-07
123 6.68e-07
124 7.79e-07
125 7.79e-07
126 6.99e-07
127 7.6e-07
128 7.81e-07
129 8.69e-07
130 7.96e-07
131 6.84e-07
132 9.57e-07
133 7.05e-07
134 9.75e-07
135 1.233e-06
136 1.065e-06
137 1.093e-06
138 8.88e-07
139 1.008e-06
140 9.65e-07
141 8.05e-07
142 7.55e-07
143 7.02e-07
144 7.75e-07
145 7.37e-07
146 7.47e-07
147 7.64e-07
148 7.27e-07
149 8.16e-07
150 8.06e-07
151 8.08e-07
152 7.29e-07
153 7.75e-07
154 9.02e-07
155 7.74e-07
156 7.62e-07
157 7.14e-07
158 7.92e-07
159 7.48e-07
160 8.27e-07
161 7.39e-07
162 9.08e-07
163 7.69e-07
164 7.75e-07
165 7.43e-07
166 8.64e-07
167 8.04e-07
168 9.2e-07
169 7.98e-07
170 8.05e-07
171 7.83e-07
172 8.07e-07
173 8.24e-07
174 9.07e-07
175 8.12e-07
176 8.18e-07
177 8.58e-07
178 8.35e-07
179 9.53e-07
180 8.37e-07
181 9.05e-07
182 8.36e-07
183 8.5e-07
184 8.42e-07
185 8.99e-07
186 9.65e-07
187 8.55e-07
188 9.14e-07
189 8.68e-07
190 8.94e-07
191 9.69e-07
192 9.97e-07
193 9.47e-07
194 9.04e-07
195 8.87e-07
196 9.05e-07
197 9.56e-07
198 9.1e-07
199 9.11e-07
200 9.76e-07
201 1.066e-06
202 9.81e-07
203 9.82e-07
204 9.15e-07
205 9.32e-07
206 9.12e-07
207 9.83e-07
208 1.028e-06
209 9.53e-07
210 9.44e-07
211 9.46e-07
212 1.133e-06
213 9.48e-07
214 1.109e-06
215 7.83e-07
216 9.97e-07
217 9.34e-07
218 9.89e-07
219 9.69e-07
220 9.79e-07
221 9.94e-07
222 1.134e-06
223 1.021e-06
224 1.045e-06
225 1.11e-06
226 1.103e-06
227 1.236e-06
228 1.762e-06
229 1.126e-06
230 1.027e-06
231 1.023e-06
232 1.022e-06
233 1.013e-06
234 1.051e-06
235 1.026e-06
236 1.042e-06
237 1.051e-06
238 1.09e-06
239 1.055e-06
240 1.047e-06
241 1.065e-06
242 1.076e-06
243 1.123e-06
244 1.07e-06
245 1.055e-06
246 1.09e-06
247 1.111e-06
248 1.377e-06
249 1.082e-06
250 1.139e-06
251 1.086e-06
252 1.106e-06
253 1.16e-06
254 1.112e-06
255 1.161e-06
256 1.12e-06
257 1.139e-06
258 1.109e-06
259 1.124e-06
260 1.126e-06
261 1.231e-06
262 1.189e-06
263 1.144e-06
264 1.15e-06
265 1.479e-06
266 1.386e-06
267 1.125e-06
268 1.159e-06
269 1.23e-06
270 1.217e-06
271 1.361e-06
272 1.218e-06
273 1.17e-06
274 1.234e-06
275 1.155e-06
276 1.158e-06
277 1.336e-06
278 1.367e-06
279 1.28e-06
280 1.208e-06
281 1.258e-06
282 1.441e-06
283 1.207e-06
284 1.251e-06
285 1.216e-06
286 1.344e-06
287 1.245e-06
288 1.366e-06
289 1.239e-06
290 1.226e-06
291 1.351e-06
292 1.232e-06
293 1.367e-06
294 1.448e-06
295 1.285e-06
296 1.335e-06
297 1.244e-06
298 1.281e-06
299 1.483e-06
300 1.263e-06
301 1.339e-06
302 1.46e-06
303 1.294e-06
304 1.502e-06
305 1.314e-06
306 1.324e-06
307 1.358e-06
308 1.297e-06
309 1.417e-06
310 1.557e-06
311 1.641e-06
312 1.727e-06
313 1.523e-06
314 1.529e-06
315 1.472e-06
316 1.487e-06
317 1.648e-06
318 1.507e-06
319 1.468e-06
320 1.486e-06
321 1.401e-06
322 1.372e-06
323 1.35e-06
324 1.416e-06
325 1.484e-06
326 1.377e-06
327 1.55e-06
328 1.647e-06
329 1.411e-06
330 1.414e-06
331 1.417e-06
332 1.39e-06
333 1.441e-06
334 1.395e-06
335 1.416e-06
336 1.392e-06
337 1.494e-06
338 1.391e-06
339 1.471e-06
340 1.472e-06
341 1.422e-06
342 1.441e-06
343 1.462e-06
344 1.413e-06
345 1.445e-06
346 1.515e-06
347 1.427e-06
348 1.544e-06
349 1.47e-06
350 1.493e-06
351 1.496e-06
352 1.46e-06
353 1.485e-06
354 1.524e-06
355 1.53e-06
356 1.503e-06
357 1.471e-06
358 2.008e-06
359 1.651e-06
360 1.552e-06
361 1.552e-06
362 1.63e-06
363 1.563e-06
364 1.531e-06
365 1.649e-06
366 1.549e-06
367 1.753e-06
368 1.626e-06
369 1.539e-06
370 1.527e-06
371 1.645e-06
372 1.713e-06
373 1.558e-06
374 1.617e-06
375 1.597e-06
376 1.657e-06
377 1.562e-06
378 1.662e-06
379 1.61e-06
380 1.868e-06
381 1.659e-06
382 1.554e-06
383 1.58e-06
384 1.591e-06
385 1.731e-06
386 1.608e-06
387 1.739e-06
388 1.678e-06
389 1.691e-06
390 1.656e-06
391 1.676e-06
392 1.611e-06
393 1.835e-06
394 1.819e-06
395 1.721e-06
396 1.639e-06
397 1.732e-06
398 1.618e-06
399 1.797e-06
400 1.779e-06
401 1.689e-06
402 1.66e-06
403 1.686e-06
404 1.671e-06
405 1.678e-06
406 1.714e-06
407 1.785e-06
408 1.807e-06
409 1.699e-06
410 1.676e-06
411 1.688e-06
412 1.711e-06
413 1.748e-06
414 1.697e-06
415 1.686e-06
416 1.712e-06
417 1.742e-06
418 1.754e-06
419 1.786e-06
420 1.708e-06
421 1.722e-06
422 1.769e-06
423 1.728e-06
424 1.828e-06
425 1.75e-06
426 1.773e-06
427 1.811e-06
428 1.801e-06
429 1.766e-06
430 1.78e-06
431 1.752e-06
432 1.891e-06
433 1.815e-06
434 1.791e-06
435 2.118e-06
436 2.186e-06
437 1.909e-06
438 1.789e-06
439 1.885e-06
440 1.826e-06
441 1.915e-06
442 2.027e-06
443 1.986e-06
444 1.809e-06
445 1.853e-06
446 1.83e-06
447 2.006e-06
448 1.979e-06
449 1.867e-06
450 1.889e-06
451 1.889e-06
452 1.912e-06
453 2.097e-06
454 2.037e-06
455 1.867e-06
456 1.856e-06
457 1.879e-06
458 1.99e-06
459 2.068e-06
460 1.915e-06
461 1.932e-06
462 1.94e-06
463 1.909e-06
464 2.059e-06
465 1.999e-06
466 1.97e-06
467 1.952e-06
468 2e-06
469 2.008e-06
470 2.081e-06
471 1.982e-06
472 1.956e-06
473 1.943e-06
474 1.934e-06
475 1.971e-06
476 2.001e-06
477 1.925e-06
478 1.937e-06
479 1.993e-06
480 1.956e-06
481 1.939e-06
482 1.978e-06
483 1.99e-06
484 1.965e-06
485 1.953e-06
486 2.074e-06
487 2.02e-06
488 1.981e-06
489 1.994e-06
490 2.044e-06
491 1.975e-06
492 2.044e-06
493 2.042e-06
494 2.048e-06
495 2.037e-06
496 2.002e-06
497 2.038e-06
498 2.163e-06
499 2.101e-06
500 2.058e-06
501 2.023e-06
502 2.544e-06
503 2.549e-06
504 2.062e-06
505 2.324e-06
506 2.089e-06
507 2.207e-06
508 2.253e-06
509 2.471e-06
510 2.116e-06
511 2.25e-06
512 2.188e-06
513 2.195e-06
514 2.39e-06
515 2.281e-06
516 2.207e-06
517 2.143e-06
518 2.373e-06
519 2.211e-06
520 2.101e-06
521 2.118e-06
522 2.2e-06
523 2.223e-06
524 2.366e-06
525 2.18e-06
526 2.176e-06
527 2.304e-06
528 2.473e-06
529 2.15e-06
530 2.173e-06
531 2.256e-06
532 2.197e-06
533 2.348e-06
534 2.308e-06
535 2.159e-06
536 2.187e-06
537 2.19e-06
538 2.188e-06
539 2.164e-06
540 2.222e-06
541 2.193e-06
542 2.198e-06
543 2.173e-06
544 2.172e-06
545 2.169e-06
546 2.254e-06
547 2.23e-06
548 2.193e-06
549 2.206e-06
550 2.22e-06
551 2.213e-06
552 2.289e-06
553 2.212e-06
554 2.494e-06
555 2.468e-06
556 2.742e-06
557 2.732e-06
558 2.729e-06
559 2.99e-06
560 3.201e-06
561 3.012e-06
562 3.028e-06
563 3.142e-06
564 3.204e-06
565 3.001e-06
566 2.922e-06
567 2.572e-06
568 2.874e-06
569 2.588e-06
570 2.882e-06
571 2.567e-06
572 2.775e-06
573 2.451e-06
574 2.341e-06
575 2.494e-06
576 2.936e-06
577 2.611e-06
578 2.313e-06
579 2.481e-06
580 2.575e-06
581 2.34e-06
582 2.573e-06
583 2.716e-06
584 2.531e-06
585 2.62e-06
586 2.377e-06
587 2.368e-06
588 2.49e-06
589 2.521e-06
590 2.62e-06
591 2.356e-06
592 2.406e-06
593 2.403e-06
594 2.362e-06
595 2.397e-06
596 2.384e-06
597 2.379e-06
598 2.486e-06
599 2.396e-06
600 2.387e-06
601 2.428e-06
602 2.389e-06
603 2.481e-06
604 2.442e-06
605 2.452e-06
606 2.419e-06
607 2.451e-06
608 2.435e-06
609 2.427e-06
610 2.46e-06
611 2.491e-06
612 2.904e-06
613 2.552e-06
614 2.885e-06
615 2.657e-06
616 2.521e-06
617 2.437e-06
618 2.549e-06
619 2.531e-06
620 2.601e-06
621 2.539e-06
622 2.482e-06
623 2.682e-06
624 2.62e-06
625 2.53e-06
626 2.609e-06
627 2.626e-06
628 2.543e-06
629 2.666e-06
630 2.622e-06
631 2.541e-06
632 2.678e-06
633 2.816e-06
634 2.562e-06
635 2.609e-06
636 2.634e-06
637 2.654e-06
638 2.677e-06
639 2.593e-06
640 2.716e-06
641 2.68e-06
642 2.72e-06
643 2.557e-06
644 2.658e-06
645 2.63e-06
646 2.571e-06
647 2.558e-06
648 2.655e-06
649 2.763e-06
650 2.591e-06
651 2.583e-06
652 2.617e-06
653 2.698e-06
654 2.619e-06
655 2.671e-06
656 2.587e-06
657 2.685e-06
658 2.593e-06
659 2.636e-06
660 2.603e-06
661 2.769e-06
662 2.665e-06
663 3.04e-06
664 2.725e-06
665 2.703e-06
666 2.69e-06
667 2.661e-06
668 2.817e-06
669 3.069e-06
670 2.957e-06
671 2.937e-06
672 2.823e-06
673 2.929e-06
674 2.761e-06
675 2.824e-06
676 2.951e-06
677 2.826e-06
678 2.828e-06
679 2.892e-06
680 2.832e-06
681 2.937e-06
682 2.796e-06
683 2.85e-06
684 3.197e-06
685 2.987e-06
686 2.889e-06
687 3.08e-06
688 2.944e-06
689 2.804e-06
690 2.807e-06
691 2.795e-06
692 2.815e-06
693 2.736e-06
694 2.728e-06
695 2.757e-06
696 2.824e-06
697 2.803e-06
698 2.765e-06
699 2.771e-06
700 2.831e-06
701 2.809e-06
702 2.876e-06
703 2.793e-06
704 2.828e-06
705 2.774e-06
706 2.8e-06
707 2.816e-06
708 2.865e-06
709 2.795e-06
710 3.097e-06
711 2.926e-06
712 2.9e-06
713 2.828e-06
714 2.85e-06
715 3.241e-06
716 3.129e-06
717 3.103e-06
718 3.16e-06
719 3.129e-06
720 3.088e-06
721 3.064e-06
722 3.164e-06
723 3.138e-06
724 3.124e-06
725 3.241e-06
726 3.107e-06
727 3.19e-06
728 3.073e-06
729 3.246e-06
730 3.178e-06
731 3.103e-06
732 3.197e-06
733 3.155e-06
734 3.088e-06
735 3.085e-06
736 3.073e-06
737 3.046e-06
738 2.992e-06
739 2.918e-06
740 2.997e-06
741 2.942e-06
742 2.929e-06
743 2.958e-06
744 2.968e-06
745 2.994e-06
746 2.997e-06
747 2.916e-06
748 3.149e-06
749 3.009e-06
750 2.985e-06
751 3.041e-06
752 3.008e-06
753 3.058e-06
754 3.668e-06
755 3.47e-06
756 3.562e-06
757 3.327e-06
758 3.541e-06
759 3.272e-06
760 3.384e-06
761 3.428e-06
762 3.385e-06
763 3.078e-06
764 3.078e-06
765 3.231e-06
766 3.172e-06
767 3.116e-06
768 3.146e-06
769 3.019e-06
770 3.198e-06
771 3.184e-06
772 3.467e-06
773 3.04e-06
774 3.243e-06
775 3.276e-06
776 3.071e-06
777 3.033e-06
778 3.421e-06
779 3.486e-06
780 3.357e-06
781 3.331e-06
782 3.432e-06
783 3.368e-06
784 3.355e-06
785 3.356e-06
786 3.315e-06
787 3.598e-06
788 3.727e-06
789 3.476e-06
790 3.656e-06
791 3.844e-06
792 4.002e-06
793 3.572e-06
794 3.979e-06
795 3.283e-06
796 3.215e-06
797 3.2e-06
798 3.477e-06
799 3.262e-06
800 3.413e-06
801 3.439e-06
802 3.243e-06
803 3.372e-06
804 3.227e-06
805 3.37e-06
806 3.285e-06
807 3.308e-06
808 3.209e-06
809 3.185e-06
810 3.348e-06
811 3.326e-06
812 3.24e-06
813 3.482e-06
814 3.685e-06
815 3.188e-06
816 3.309e-06
817 3.255e-06
818 3.293e-06
819 3.214e-06
820 3.228e-06
821 3.297e-06
822 3.263e-06
823 3.312e-06
824 3.252e-06
825 3.298e-06
826 3.323e-06
827 3.275e-06
828 3.206e-06
829 3.237e-06
830 3.308e-06
831 3.366e-06
832 3.247e-06
833 3.309e-06
834 3.382e-06
835 3.582e-06
836 3.365e-06
837 3.357e-06
838 3.315e-06
839 3.32e-06
840 3.653e-06
841 3.761e-06
842 3.411e-06
843 3.562e-06
844 3.519e-06
845 3.559e-06
846 3.477e-06
847 3.607e-06
848 4.001e-06
849 3.977e-06
850 3.873e-06
851 4.003e-06
852 3.611e-06
853 3.537e-06
854 3.437e-06
855 3.471e-06
856 3.503e-06
857 3.4e-06
858 3.444e-06
859 3.475e-06
860 3.382e-06
861 3.412e-06
862 3.493e-06
863 3.425e-06
864 3.395e-06
865 3.441e-06
866 3.381e-06
867 3.402e-06
868 4.076e-06
869 3.403e-06
870 3.424e-06
871 3.501e-06
872 3.49e-06
873 4.046e-06
874 3.603e-06
875 3.539e-06
876 3.575e-06
877 3.614e-06
878 3.57e-06
879 3.568e-06
880 3.623e-06
881 3.604e-06
882 3.53e-06
883 3.659e-06
884 3.51e-06
885 3.603e-06
886 4.461e-06
887 4.196e-06
888 3.721e-06
889 3.863e-06
890 3.511e-06
891 3.543e-06
892 3.591e-06
893 3.521e-06
894 3.528e-06
895 3.566e-06
896 3.579e-06
897 3.479e-06
898 3.594e-06
899 3.538e-06
900 3.602e-06
901 3.579e-06
902 3.553e-06
903 3.529e-06
904 3.547e-06
905 3.707e-06
906 3.532e-06
907 3.559e-06
908 3.634e-06
909 3.6e-06
910 4.248e-06
911 3.777e-06
912 3.607e-06
913 3.683e-06
914 3.978e-06
915 3.548e-06
916 3.849e-06
917 3.693e-06
918 3.705e-06
919 3.701e-06
920 4.209e-06
921 3.964e-06
922 4.457e-06
923 4.12e-06
924 4.197e-06
925 4.456e-06
926 4.056e-06
927 3.912e-06
928 3.686e-06
929 3.627e-06
930 3.719e-06
931 3.787e-06
932 3.626e-06
933 3.751e-06
934 3.684e-06
935 3.908e-06
936 3.77e-06
937 4.146e-06
938 3.656e-06
939 3.69e-06
940 3.779e-06
941 3.764e-06
942 3.734e-06
943 3.664e-06
944 3.786e-06
945 4.265e-06
946 4.199e-06
947 4.135e-06
948 4.464e-06
949 4.255e-06
950 4.383e-06
951 4.272e-06
952 4.02e-06
953 4.015e-06
954 3.869e-06
955 3.763e-06
956 4.163e-06
957 3.775e-06
958 3.903e-06
959 4.008e-06
960 3.826e-06
961 4.3e-06
962 4.164e-06
963 4.07e-06
964 3.933e-06
965 3.762e-06
966 3.814e-06
967 3.811e-06
968 3.807e-06
969 4.207e-06
970 4.533e-06
971 4.127e-06
972 4.663e-06
973 4.024e-06
974 3.833e-06
975 3.899e-06
976 3.809e-06
977 3.904e-06
978 4.037e-06
979 4.208e-06
980 3.974e-06
981 4.058e-06
982 4.077e-06
983 4.042e-06
984 4.019e-06
985 4.14e-06
986 4.095e-06
987 3.989e-06
988 4.134e-06
989 4.142e-06
990 3.914e-06
991 4.273e-06
992 4.948e-06
993 4.893e-06
994 4.465e-06
995 3.9e-06
996 4.214e-06
997 3.988e-06
998 3.926e-06
999 3.979e-06
