500 -1.40726e+08
501 -1.40726e+08
502 -1.40726e+08
503 -1.40726e+08
504 -1.40726e+08
505 -1.40726e+08
506 -1.40726e+08
507 -1.40726e+08
508 -1.40726e+08
509 -1.40726e+08
510 -1.40726e+08
511 -1.40726e+08
512 -1.40726e+08
513 -1.40726e+08
514 -1.40726e+08
515 -1.40726e+08
516 -1.40726e+08
517 -1.40726e+08
518 -1.40726e+08
519 -1.40726e+08
520 -1.40726e+08
521 -1.40726e+08
522 -1.40726e+08
523 -1.40726e+08
524 -1.40726e+08
525 -1.40726e+08
526 -1.40726e+08
527 -1.40726e+08
528 -1.40726e+08
529 -1.40726e+08
530 -1.40726e+08
531 -1.40726e+08
532 -1.40726e+08
533 -1.40726e+08
534 -1.40726e+08
535 -1.40726e+08
536 -1.40726e+08
537 -1.40726e+08
538 -1.40726e+08
539 -1.40726e+08
540 -1.40726e+08
541 -1.40726e+08
542 -1.40726e+08
543 -1.40726e+08
544 -1.40726e+08
545 -1.40726e+08
546 -1.40726e+08
547 -1.40726e+08
548 -1.40726e+08
549 -1.40726e+08
550 -1.40726e+08
551 -1.40726e+08
552 -1.40726e+08
553 -1.40726e+08
554 -1.40726e+08
555 -1.40726e+08
556 -1.40726e+08
557 -1.40726e+08
558 -1.40726e+08
559 -1.40726e+08
560 -1.40726e+08
561 -1.40726e+08
562 -1.40726e+08
563 -1.40726e+08
564 -1.40726e+08
565 -1.40726e+08
566 -1.40726e+08
567 -1.40726e+08
568 -1.40726e+08
569 -1.40726e+08
570 -1.40726e+08
571 -1.40726e+08
572 -1.40726e+08
573 -1.40726e+08
574 -1.40726e+08
575 -1.40726e+08
576 -1.40726e+08
577 -1.40726e+08
578 -1.40726e+08
579 -1.40726e+08
580 -1.40726e+08
581 -1.40726e+08
582 -1.40726e+08
583 -1.40726e+08
584 -1.40726e+08
585 -1.40726e+08
586 -1.40726e+08
587 -1.40726e+08
588 -1.40726e+08
589 -1.40726e+08
590 -1.40726e+08
591 -1.40726e+08
592 -1.40726e+08
593 -1.40726e+08
594 -1.40726e+08
595 -1.40726e+08
596 -1.40726e+08
597 -1.40726e+08
598 -1.40726e+08
599 -1.40726e+08
